GeneSymb	GSM275676	GSM275677	GSM275678	GSM275679	GSM275680	GSM275681	GSM275682	GSM275683	GSM275684	GSM275685	GSM275686	GSM402417	GSM402418	GSM402419	GSM402420	GSM402421	GSM402422	GSM468593	GSM468594	GSM468595	GSM468596	GSM468597	GSM468598	GSM468599	GSM468600	GSM468601	GSM468602	GSM490043	GSM490044	GSM490045	GSM649496	GSM649497	GSM649498	GSM1230054_284_4795_04_03_2012.CEL	GSM1230055_284_4796_04_03_2012.CEL	GSM1230056_284_4797_04_03_2012.CEL
AAAS	 8.3558	 7.9903	 7.9073	 7.5706	 8.4616	 8.4578	 8.3200	 7.9886	 8.2055	 8.0077	 7.8956	 8.2866	 8.0765	 8.1230	 8.1073	 8.0102	 7.9945	 8.0862	 8.3041	 8.0783	 7.9766	 8.1829	 8.1203	 7.9965	 8.0926	 8.1676	 7.9916	 8.0354	 8.0032	 8.1959	 8.2534	 7.9011	 8.2089	 7.9977	 8.3214	 7.9154
AACS	 9.7471	 9.5590	 9.6436	 9.2765	 9.0268	 9.0373	 9.0491	 8.8503	 9.1345	 9.3283	 9.2739	 9.3273	 9.3608	 9.2478	 9.3011	 9.3595	 9.1553	 9.1785	 9.3242	 9.2019	 9.4837	 9.2946	 9.2158	 9.3105	 9.2218	 9.4336	 9.2551	 9.4346	 9.3185	 9.4081	 9.1814	 9.2032	 9.2058	 9.3910	 9.4076	 9.3627
AACSP1	 3.8766	 3.8741	 3.7483	 4.1019	 4.0068	 3.9892	 3.9043	 4.1965	 4.3125	 4.1027	 4.2347	 3.8667	 4.2457	 4.0041	 4.0038	 4.1139	 3.9123	 3.9977	 4.2223	 3.8640	 4.3556	 3.8213	 4.3073	 4.0993	 3.9204	 3.7837	 3.8726	 3.9770	 3.8946	 4.1230	 4.2852	 3.8339	 4.0329	 3.9094	 3.8446	 4.2405
AADAC	 5.5335	 5.0473	 5.5364	 5.1321	 5.2660	 5.2452	 5.5944	 5.2689	 5.1290	 5.2035	 5.1977	 4.8329	 5.0263	 5.4262	 5.2623	 5.5277	 5.5350	 5.2121	 5.7081	 4.7103	 4.9303	 5.3187	 5.4623	 4.9483	 5.1030	 5.8105	 5.4804	 5.3815	 5.2429	 4.9791	 5.1681	 5.3878	 5.4510	 5.1765	 5.1449	 5.2822
AADACL2	 3.5135	 3.5397	 4.0184	 3.5417	 3.6141	 3.8447	 3.6843	 3.4485	 3.4950	 3.5009	 3.5725	 3.5633	 3.7031	 3.6376	 3.6436	 3.5019	 3.6376	 3.4122	 3.7568	 3.7982	 3.2691	 3.5663	 3.6474	 3.6243	 3.7801	 3.7806	 3.5100	 3.7989	 3.5892	 3.4418	 3.6485	 3.6861	 3.5226	 3.7584	 3.5721	 3.4994
AADAT	 6.7773	 7.0387	 7.0724	 6.9887	 7.9652	 7.9130	 7.9576	 6.7158	 6.6573	 6.7981	 6.9332	 6.8864	 6.8809	 7.1069	 7.3368	 7.3441	 7.1695	 6.7671	 7.2473	 7.0328	 6.7349	 6.9604	 7.3549	 7.2588	 7.2947	 7.2533	 7.3035	 6.9111	 6.9550	 7.0073	 7.3996	 7.4701	 6.9814	 7.0639	 6.9434	 6.8662
AAED1	 8.6074	 8.4387	 8.5083	 8.2987	 8.7424	 8.6800	 8.9883	 7.3576	 7.6123	 7.9357	 7.8620	 8.4044	 8.3624	 8.5118	 8.2058	 8.2436	 8.2472	 8.6396	 8.5075	 8.8114	 8.5832	 8.6362	 8.0500	 8.1918	 7.8377	 8.0020	 8.0327	 8.5216	 8.5135	 8.5423	 8.1701	 8.1648	 8.0629	 8.5559	 8.5393	 8.4823
AAGAB	 7.4246	 7.2836	 7.3690	 7.0937	 6.9081	 6.9788	 7.1557	 7.1280	 7.0757	 7.1091	 7.0230	 7.1264	 7.1252	 7.2631	 7.0852	 7.2795	 7.1172	 7.4164	 7.1689	 7.4539	 7.2128	 7.1676	 6.9328	 7.2186	 6.9789	 7.0197	 7.0915	 7.3046	 7.2208	 7.2509	 6.9745	 6.9367	 7.3092	 7.3070	 7.3304	 7.1389
AAK1	 6.1407	 6.2150	 6.2251	 6.1790	 5.8658	 5.9030	 5.8486	 6.1329	 6.0009	 6.0014	 5.9617	 6.0799	 5.9763	 6.1727	 6.0273	 6.0475	 6.0948	 6.0701	 6.2464	 6.1198	 6.1893	 6.2092	 5.9936	 5.9284	 5.9456	 5.9618	 6.0001	 6.1393	 6.1707	 6.1458	 5.9874	 5.9396	 6.0156	 5.9896	 6.1962	 6.2700
AAMP	 9.3431	 9.3490	 9.5049	 9.2963	 9.7994	 9.9144	 9.6578	 9.5345	 9.6928	 9.5871	 9.5785	 9.6417	 9.4656	 9.6134	 9.5256	 9.5714	 9.6602	 9.7564	 9.6970	 9.9092	 9.9606	 9.8928	 9.2774	 9.3557	 9.4237	 9.1350	 9.3887	 9.6080	 9.6105	 9.6390	 9.6524	 9.4146	 9.5535	 9.6513	 9.6370	 9.5692
AANAT	 4.5013	 4.3079	 4.5108	 4.4955	 4.9137	 4.6427	 4.5611	 4.4524	 4.5532	 4.4855	 4.5688	 4.1429	 4.7152	 4.1938	 4.7112	 4.2111	 5.1960	 4.4069	 4.4337	 4.2931	 4.7650	 4.8508	 4.6778	 4.3584	 4.6338	 4.5785	 4.2858	 4.2092	 4.5311	 4.6640	 4.5914	 4.8727	 4.3020	 4.7228	 4.2974	 4.3840
AARS	11.2776	11.1431	10.9836	10.6965	10.8097	10.7214	10.6135	10.2081	10.2564	10.2898	10.3460	10.9460	10.8689	11.1890	10.4260	10.4079	10.4691	10.7225	10.8944	10.8063	10.5461	10.7421	10.6117	10.7057	10.7097	10.7746	10.6654	10.9088	10.9291	10.8662	10.5453	10.5414	10.5162	10.8547	10.9198	10.9295
AARS2	 7.2428	 6.9997	 7.0675	 6.9726	 7.5684	 7.4279	 7.6709	 7.6667	 7.7476	 7.6682	 7.6099	 7.2906	 7.1948	 7.4039	 7.5911	 7.4496	 7.4215	 7.5546	 7.2461	 7.5879	 7.4931	 7.3246	 7.1954	 7.3334	 7.4922	 7.4085	 7.2832	 7.2518	 7.2841	 7.3086	 7.3883	 7.4334	 7.6852	 7.3864	 7.2874	 7.1708
ABAT	 7.9284	 8.3009	 7.5376	 7.3565	 9.0113	 9.0016	 9.0223	 8.9498	 9.1174	 9.1869	 9.0459	 8.4106	 8.3014	 8.1984	 8.7251	 8.6536	 8.4348	 7.9068	 7.9529	 7.8642	 7.8570	 7.9741	 8.9487	 9.0097	 8.9627	 9.0233	 9.0402	 7.9204	 7.9980	 7.9788	 9.0604	 8.8752	 8.8910	 7.7928	 8.1234	 7.9811
ABCA1	 4.7710	 4.7215	 5.0577	 4.7801	 4.7807	 4.8087	 4.8004	 5.0219	 4.8126	 4.9044	 5.0157	 4.4224	 4.5174	 4.5256	 5.4234	 5.0935	 5.0246	 4.7819	 4.7165	 4.8424	 4.9902	 4.7060	 5.0028	 5.0121	 4.8993	 4.6146	 4.7789	 4.7001	 4.7328	 4.7753	 4.9938	 4.8133	 4.9916	 4.7443	 4.6157	 4.8482
ABCA11P	 5.2167	 5.6940	 5.3291	 6.5220	 6.2437	 6.1494	 6.0278	 6.2651	 6.2664	 6.2574	 6.4748	 6.2784	 6.1588	 6.5169	 5.7942	 5.7281	 5.8045	 6.3218	 6.3710	 5.9673	 6.1579	 6.3030	 6.1299	 5.5918	 5.9766	 5.8007	 5.8481	 6.2283	 5.8889	 6.0920	 6.5737	 5.6192	 5.8789	 5.9806	 6.1983	 6.0302
ABCA12	 6.8804	 6.6447	 5.4972	 5.4558	 8.8194	 8.4431	 8.6799	 5.3636	 5.5357	 5.4903	 5.6298	 7.7335	 7.4740	 7.3613	 5.7559	 6.0105	 5.3336	 6.1483	 6.8804	 6.5794	 6.6353	 7.1935	 6.3581	 6.5404	 6.5420	 6.6225	 6.6149	 6.7232	 6.8422	 6.5555	 6.7646	 6.5943	 6.1890	 6.4087	 6.8889	 6.8233
ABCA13	 3.1006	 3.1037	 3.2770	 3.1609	 3.1816	 3.1950	 3.2344	 3.1726	 3.2242	 3.1615	 3.1705	 3.4238	 3.1604	 3.4737	 3.1110	 3.0006	 2.9443	 2.9541	 3.2796	 3.0258	 2.9559	 3.5521	 3.2063	 3.2769	 3.2375	 3.2817	 3.0864	 3.2163	 3.1852	 3.2153	 3.1724	 3.1739	 3.1506	 3.2620	 3.2682	 3.0867
ABCA17P	 5.9039	 5.6915	 5.2373	 5.5353	 6.2141	 6.0914	 6.3615	 5.6293	 5.4556	 5.8236	 5.9098	 5.8242	 6.0917	 5.0574	 5.8882	 5.6326	 6.0138	 5.8662	 5.1302	 5.5425	 5.3016	 5.4794	 5.8528	 5.9878	 6.2156	 5.9868	 6.1504	 5.6987	 5.3551	 5.6114	 5.9157	 6.2406	 5.6864	 5.8049	 5.3940	 5.4664
ABCA2	 7.1023	 7.0159	 7.0645	 6.9694	 6.3434	 6.2868	 6.3238	 6.9280	 6.8144	 6.7005	 6.6174	 6.9329	 7.1362	 6.6641	 6.7427	 6.7507	 6.6210	 7.0685	 7.2800	 7.0138	 7.1981	 7.1320	 6.3929	 6.5174	 6.2623	 6.5725	 6.6418	 6.9751	 7.1106	 7.0588	 6.7586	 6.5267	 6.4178	 6.9663	 7.0962	 7.0819
ABCA3	 7.8830	 7.8690	 7.8234	 7.6086	 8.4667	 8.2481	 8.2675	 8.1560	 8.2996	 7.7456	 7.9487	 8.0747	 8.5914	 7.9142	 7.8457	 8.0252	 7.7478	 8.2175	 8.1545	 8.1399	 8.1089	 8.2066	 7.9445	 7.9701	 7.7732	 7.8819	 7.9342	 7.9692	 8.0695	 8.1092	 7.9316	 8.2580	 7.8613	 8.1575	 8.0637	 7.9267
ABCA4	 5.5185	 5.4780	 5.5508	 5.5074	 5.9034	 5.9094	 5.7598	 5.8336	 5.4740	 5.5391	 5.6396	 5.3652	 5.6175	 5.6233	 5.8547	 5.5720	 5.7895	 5.5525	 5.7347	 5.8996	 5.8305	 5.5418	 5.6886	 5.4590	 5.5669	 5.7329	 5.3638	 5.6671	 5.7134	 5.4244	 5.7289	 5.6636	 5.6247	 5.6332	 5.7000	 5.4717
ABCA5	 7.5109	 7.0252	 6.6836	 6.1146	 4.9200	 4.4133	 5.1837	 6.1313	 6.4933	 6.1030	 5.6745	 6.0878	 6.4289	 6.4349	 6.0858	 6.1455	 5.4422	 6.1733	 5.9549	 5.9631	 6.2317	 6.2110	 5.9445	 6.3641	 6.2648	 5.9287	 6.0056	 6.3493	 6.3604	 6.4952	 5.8490	 5.8850	 5.6861	 6.4276	 6.3059	 6.4714
ABCA6	 4.1482	 4.1150	 4.3433	 4.4050	 4.1175	 4.2013	 4.1932	 4.4517	 4.2098	 4.3112	 4.6452	 4.1529	 4.3954	 4.5115	 4.5076	 4.1630	 4.0048	 4.0892	 4.5100	 4.1827	 4.3666	 4.4104	 4.0095	 4.2768	 4.5337	 4.5847	 3.9285	 4.2925	 4.4416	 4.1735	 3.9613	 4.0131	 4.8533	 4.2691	 4.4877	 4.1507
ABCA7	 6.0733	 6.2426	 6.2093	 6.0579	 6.5165	 6.2326	 6.3541	 6.5356	 6.9498	 6.5137	 6.4074	 6.2665	 6.2914	 6.3900	 6.1279	 6.4223	 6.5859	 6.1961	 6.4066	 6.0592	 6.3792	 6.5082	 6.2735	 6.2379	 6.5703	 6.3902	 6.4524	 6.3161	 6.1126	 6.3413	 6.4981	 6.7469	 6.0690	 6.1676	 6.2621	 6.3404
ABCB9	 6.3849	 6.2322	 6.5511	 6.7539	 6.3799	 6.4845	 6.3336	 6.6259	 6.6856	 6.5594	 6.7628	 6.5847	 6.5411	 6.5944	 6.4581	 6.5432	 6.4155	 6.5222	 6.4937	 6.5881	 6.3475	 6.6689	 6.3486	 6.5016	 6.5546	 6.6669	 6.5363	 6.5630	 6.5479	 6.4547	 6.5851	 6.3724	 6.6139	 6.4044	 6.5205	 6.6408
ABCC1	 8.4205	 8.2633	 8.0085	 7.9189	 7.1981	 7.1581	 7.2442	 8.2186	 8.2661	 8.1244	 7.9550	 8.2812	 8.2773	 8.1862	 7.7381	 7.9008	 7.2082	 7.9327	 7.8012	 8.1634	 7.8664	 7.9683	 7.9099	 7.9953	 8.0284	 7.6300	 8.0241	 8.0934	 8.0846	 8.0940	 7.8941	 7.7926	 7.6331	 8.1944	 8.0190	 8.0586
ABCC10	 7.9527	 7.7428	 7.6514	 7.3367	 8.3453	 8.3710	 8.4620	 7.7729	 8.1614	 7.9418	 7.7709	 7.9550	 8.1140	 7.9134	 8.0721	 7.9674	 7.5995	 7.9263	 7.8783	 7.9600	 7.9570	 8.0439	 7.8147	 8.0023	 7.9916	 7.7939	 8.0011	 7.8878	 7.7536	 7.9664	 8.1093	 8.0792	 7.8251	 7.9010	 7.9522	 7.7547
ABCC11	 5.2164	 5.4144	 5.4520	 5.4615	 5.1882	 5.2173	 5.1908	 5.3257	 4.9613	 5.2843	 5.3132	 5.0452	 5.2275	 5.2902	 5.2483	 5.3551	 5.5275	 5.2063	 5.0754	 5.5737	 5.3418	 5.4043	 5.2895	 5.5256	 5.0868	 5.1630	 5.1569	 5.2843	 5.3593	 5.2837	 5.5272	 5.0571	 5.1824	 5.2937	 5.2711	 5.3624
ABCC12	 4.8084	 4.6709	 4.5427	 4.7785	 4.6956	 4.8254	 4.7577	 4.9639	 4.5521	 4.7841	 4.6323	 4.7109	 4.6461	 4.6139	 4.7123	 4.4686	 5.2085	 4.8763	 4.7822	 4.8570	 4.5075	 4.8559	 4.6085	 4.9702	 4.6126	 4.6363	 4.5608	 4.7789	 4.6905	 4.6932	 4.6954	 4.8058	 4.6966	 4.6077	 4.8317	 4.7232
ABCC13	 4.3476	 4.5883	 4.5002	 4.8144	 4.4802	 4.5730	 4.2901	 4.5604	 4.4046	 4.4897	 4.5832	 4.2577	 4.1134	 4.0869	 4.8244	 4.8824	 4.7817	 4.4409	 4.2227	 4.6260	 4.3786	 4.5977	 4.5835	 4.1596	 4.4914	 4.7012	 4.7094	 4.4604	 4.4200	 4.3631	 4.4750	 4.5519	 4.6761	 4.4140	 4.3338	 4.4958
ABCC2	 5.3439	 5.3721	 5.4473	 5.2059	 6.6832	 6.4483	 6.1669	 5.3789	 5.1633	 5.1580	 5.4433	 5.4817	 5.3594	 5.3138	 5.8847	 5.7660	 5.5914	 5.4147	 5.3513	 5.6575	 5.3833	 5.1309	 5.8103	 5.8394	 6.1843	 5.2955	 5.5947	 5.5266	 5.3285	 5.2603	 5.7925	 5.8993	 5.5899	 5.3961	 5.2879	 5.4315
ABCC3	 7.8455	 7.7196	 7.5059	 7.1999	 6.7841	 6.7324	 6.7477	 8.4116	 8.5402	 7.7290	 7.7144	 7.7937	 7.6329	 7.7085	 7.3801	 7.5013	 7.2912	 7.5194	 7.5563	 7.6821	 7.4245	 7.5618	 7.5820	 7.5843	 7.4913	 7.6042	 7.5069	 7.5288	 7.6142	 7.6445	 7.5105	 7.5842	 7.4254	 7.5551	 7.5921	 7.6403
ABCC4	 5.5803	 5.2883	 5.2939	 5.1271	 5.8682	 5.7971	 5.7971	 6.1744	 6.1523	 6.1977	 6.0633	 6.0008	 5.6975	 6.3265	 5.4786	 5.5203	 5.4541	 5.7088	 5.7099	 5.9559	 6.0073	 5.7388	 5.4118	 5.7050	 5.8606	 5.5306	 5.8344	 5.8105	 5.6428	 5.6555	 5.7888	 5.7575	 5.8228	 5.7356	 5.7226	 5.6507
ABCC5	 7.7424	 7.6893	 7.5000	 7.2700	 7.7048	 7.6304	 7.7899	 8.6603	 8.7957	 8.0118	 7.8228	 7.7364	 7.8160	 7.6204	 8.0064	 7.8100	 7.6886	 7.4220	 7.1146	 6.9865	 7.2260	 7.0660	 8.3951	 8.4068	 8.4946	 8.3034	 8.3811	 7.4478	 7.4758	 7.3738	 8.1122	 7.9988	 8.2692	 7.5613	 7.4093	 7.3268
ABCC6	 5.7407	 5.7400	 5.7310	 5.8114	 6.4141	 6.5592	 6.6085	 5.9020	 6.0219	 5.8182	 5.7850	 5.8938	 5.9334	 5.9032	 6.0142	 5.8889	 6.2213	 5.9444	 6.0503	 5.7673	 5.8401	 5.7614	 6.0676	 6.2047	 6.0381	 6.1778	 5.9062	 6.0272	 5.6326	 5.8695	 6.1800	 6.0812	 6.0644	 5.8403	 5.7149	 5.9741
ABCC6P1	 3.6904	 3.6924	 3.8489	 3.9184	 4.0512	 4.1891	 3.9533	 3.7471	 3.5834	 3.7774	 3.8619	 3.6812	 3.8677	 3.7541	 3.8490	 3.7410	 4.1649	 3.5921	 3.9708	 4.3027	 3.9312	 3.7028	 3.7847	 3.7305	 3.8338	 4.0760	 3.5051	 3.9798	 3.8454	 3.6630	 4.2166	 3.5955	 3.7576	 3.9371	 3.7892	 3.7618
ABCC8	 5.5423	 5.8516	 5.6999	 5.6560	 6.0677	 6.0754	 6.0760	 6.3040	 6.2006	 6.0839	 6.1675	 5.9330	 5.7416	 6.1433	 5.7976	 5.8817	 6.0987	 5.7571	 5.7444	 5.9582	 5.6450	 5.6546	 5.9408	 6.0163	 6.0076	 6.3617	 6.2405	 5.7267	 5.6810	 5.9240	 6.1992	 6.1847	 5.8800	 5.7920	 5.7881	 5.7517
ABCC9	 4.3554	 4.4120	 4.4068	 4.3481	 4.3595	 4.3764	 4.3772	 4.4479	 4.3251	 4.6029	 4.6123	 4.5288	 4.4377	 4.3373	 4.4424	 4.3298	 4.4008	 4.4111	 4.4337	 4.2702	 4.3374	 4.3433	 4.5746	 4.5483	 4.5055	 4.2936	 4.4102	 4.3826	 4.4040	 4.3688	 4.4786	 4.4988	 4.3439	 4.3969	 4.3548	 4.4038
ABCD1	 6.8073	 6.9917	 6.7639	 6.6643	 7.7120	 7.7086	 7.5767	 6.8566	 6.8361	 6.6348	 6.8102	 7.0691	 7.1508	 6.8429	 7.1347	 6.7815	 7.0001	 6.5018	 6.8862	 7.0497	 6.9454	 6.6827	 7.1466	 7.0549	 7.1362	 7.2969	 7.2649	 6.8028	 6.8182	 6.9680	 7.4263	 6.7463	 7.2176	 6.6571	 6.9410	 6.9908
ABCD2	 3.1781	 3.2391	 3.7688	 3.5014	 3.2298	 3.2851	 3.2059	 3.2794	 3.3414	 3.4404	 3.2727	 3.1630	 3.5041	 3.4131	 3.2564	 3.2886	 3.4192	 3.1725	 3.2967	 3.3900	 3.1896	 3.2962	 3.3145	 3.1977	 3.8731	 3.6127	 3.0643	 3.5857	 3.1978	 3.2447	 3.1061	 3.7712	 3.1390	 3.4648	 3.2903	 3.2731
ABCD3	 8.7407	 8.1527	 7.8146	 7.5094	 9.0996	 8.7761	 8.9497	 7.8161	 8.1656	 8.8002	 8.8567	 8.4973	 8.2026	 8.5721	 8.5375	 8.4383	 8.3554	 8.8974	 8.7823	 8.6814	 8.8282	 8.8928	 8.0881	 8.1454	 7.9571	 7.7513	 8.3148	 8.4626	 8.4226	 8.5078	 8.1868	 8.8102	 8.2134	 8.4942	 8.4034	 8.4953
ABCD4	 6.9057	 6.8119	 6.8038	 6.8593	 6.6524	 6.9213	 6.7667	 6.7730	 6.8795	 6.7801	 6.8568	 6.8573	 6.9886	 6.5480	 6.6980	 6.7594	 6.9438	 6.5557	 6.4252	 6.6016	 6.5515	 6.8055	 6.9099	 6.9534	 7.0373	 7.1023	 7.0499	 6.8244	 6.6420	 6.7120	 6.8918	 6.8302	 6.8947	 6.8517	 6.6003	 6.7265
ABCE1	 9.4306	 9.4141	 9.2982	 9.2242	10.5982	10.3959	10.7091	 9.0332	 9.2428	 9.6154	 9.5452	 9.5921	 9.5571	 9.7286	 9.7673	 9.7054	 9.7598	10.0760	 9.7342	10.0988	10.2339	 9.9471	 9.4401	 9.4044	 9.4561	 8.9333	 9.5265	 9.6181	 9.7350	 9.7306	 9.6390	 9.8974	 9.4902	 9.7109	 9.7065	 9.6664
ABCF1	 9.8603	 9.7699	 9.5606	 9.4097	10.2343	10.1656	10.3233	 9.6429	 9.8095	 9.7095	 9.7549	 9.8046	 9.8327	 9.7139	 9.8004	 9.9566	 9.9174	 9.8334	10.0833	10.0427	10.0240	10.0087	 9.6473	 9.7039	 9.7208	 9.6357	 9.6762	 9.7266	 9.9133	 9.8461	 9.8225	 9.7638	 9.9534	 9.8910	 9.7648	 9.8301
ABCF2	 7.4612	 7.4066	 7.3525	 7.4716	 8.2138	 8.2923	 8.1602	 7.3867	 7.5791	 7.5386	 7.4996	 7.4964	 7.6179	 7.7582	 7.6247	 7.5872	 7.8348	 7.7316	 7.7271	 7.7747	 7.5498	 7.7835	 7.6073	 7.5651	 7.5730	 7.6009	 7.6192	 7.5977	 7.6607	 7.5244	 7.6700	 7.7008	 7.7658	 7.6023	 7.6435	 7.5370
ABCF3	 8.1784	 8.0579	 7.8415	 8.0295	 8.7098	 8.8290	 8.7921	 8.9615	 8.8784	 8.8008	 8.7276	 8.6330	 8.5090	 8.4370	 8.3596	 8.6278	 8.4310	 8.5342	 8.6754	 8.6378	 8.4624	 8.7533	 8.5017	 8.5171	 8.3117	 8.4059	 8.1962	 8.4324	 8.3572	 8.3978	 8.5071	 8.5197	 8.7832	 8.3699	 8.3586	 8.4588
ABCG1	 7.3670	 6.9704	 6.7869	 6.4723	 6.8590	 6.9272	 6.8542	 7.1827	 7.3277	 7.1544	 7.1144	 7.2572	 7.3072	 7.1946	 6.8737	 6.4339	 6.6453	 6.5355	 6.4574	 6.1558	 6.3601	 6.3819	 7.3573	 7.4967	 7.6583	 7.4691	 7.6477	 6.8146	 6.7306	 6.7663	 7.1847	 6.9779	 7.2377	 6.6873	 6.5016	 7.1227
ABCG2	 7.2695	 7.1303	 7.4721	 7.3487	 8.6708	 8.5760	 8.8517	 9.2067	 9.3114	 8.3938	 8.2226	 6.6289	 6.6110	 6.7378	 9.2743	 9.2063	 9.0419	 6.6166	 6.2661	 6.4579	 6.4311	 6.5511	 9.3895	 9.3839	 9.3761	 9.3093	 9.3854	 6.4563	 7.0078	 6.9162	 9.0726	 8.9439	 9.1033	 6.9044	 6.7360	 6.7399
ABCG4	 6.4591	 6.4206	 6.5069	 6.3980	 6.4934	 6.4407	 6.3768	 6.7392	 6.7963	 6.3962	 6.7549	 6.3516	 6.2820	 6.5465	 6.4294	 6.7795	 6.6125	 6.2618	 6.4530	 6.6188	 6.2411	 6.3464	 6.8367	 6.4208	 6.5392	 6.5857	 6.6991	 6.5994	 6.3712	 6.2509	 6.5611	 6.6267	 6.5924	 6.4404	 6.5767	 6.2044
ABCG5	 4.7010	 4.6891	 4.4753	 5.3302	 4.8413	 5.0593	 4.8528	 4.8197	 4.7224	 4.8340	 4.9113	 4.1702	 4.6274	 4.9717	 4.9470	 4.7751	 5.4071	 4.8331	 4.5259	 4.4413	 4.9769	 5.0325	 5.1026	 5.0842	 5.0070	 4.7270	 4.4337	 4.4689	 5.0540	 4.6708	 5.0223	 4.8526	 4.8300	 4.2633	 4.8078	 5.1226
ABCG8	 5.1400	 5.1270	 5.3647	 5.0968	 5.6583	 5.7081	 5.4583	 5.2508	 5.1573	 5.3396	 5.2595	 5.3417	 5.1452	 5.1518	 5.6874	 5.2462	 5.1935	 5.2611	 5.4957	 4.6047	 5.2837	 5.2268	 5.2644	 5.6309	 5.3511	 5.4901	 5.3345	 5.0523	 5.1377	 5.3698	 5.1217	 5.3466	 5.7376	 5.1259	 5.1369	 5.2970
ABHD1	 5.5388	 5.5333	 5.6794	 5.8779	 5.7461	 5.7492	 5.7249	 5.8587	 5.6901	 5.6911	 5.7685	 5.6292	 5.6250	 5.3661	 5.7770	 5.7924	 6.0114	 5.8185	 5.7818	 5.5377	 5.4284	 5.9634	 5.6474	 5.6545	 5.7498	 5.6946	 5.7259	 5.6476	 5.6290	 5.6682	 5.8757	 5.6839	 5.6967	 5.7258	 5.8911	 5.3279
ABHD10	 8.2379	 8.2640	 8.4027	 8.2983	 9.0151	 8.8961	 8.8781	 8.0449	 8.1535	 8.2071	 8.2953	 8.3295	 8.2676	 8.2859	 8.7009	 8.4217	 8.4157	 8.2574	 8.5101	 8.2389	 8.2932	 8.4416	 8.4093	 8.5059	 8.4539	 8.4426	 8.4827	 8.3140	 8.3156	 8.3272	 8.6647	 8.4451	 8.3548	 8.2548	 8.3971	 8.3049
ABHD11	 9.2346	 9.1683	 9.1338	 8.9675	 7.5132	 7.4571	 7.4144	 7.6239	 7.6897	 8.0343	 7.7528	 8.2396	 8.1559	 8.1249	 8.3597	 8.3554	 8.2569	 8.2298	 8.1935	 8.1426	 8.0880	 8.2912	 8.4292	 8.3154	 8.2564	 8.2743	 8.2667	 8.4569	 8.4831	 8.5525	 8.1309	 8.0214	 7.8476	 8.5278	 8.5226	 8.4420
ABHD12	 8.3869	 8.3691	 8.3109	 8.0331	 8.3493	 8.3651	 8.3225	 9.0762	 9.1848	 8.5333	 8.5137	 8.6725	 8.7196	 8.7977	 8.0782	 8.1450	 8.4321	 8.1996	 8.3401	 8.3270	 8.2343	 8.3823	 8.5670	 8.6726	 8.6376	 8.7087	 8.6723	 8.4261	 8.3882	 8.3789	 8.7715	 8.5983	 8.2819	 8.4429	 8.4222	 8.3281
ABHD5	 5.9420	 5.8780	 5.5137	 5.5787	 6.3402	 6.1756	 6.4032	 5.9359	 6.0525	 6.2100	 6.1906	 6.0145	 5.8129	 6.1485	 6.0983	 5.9379	 5.9621	 6.1073	 6.0639	 5.7555	 6.0009	 6.0630	 6.0041	 6.0170	 5.8028	 6.0630	 6.0797	 5.8825	 5.9439	 5.8934	 6.0741	 6.1785	 6.0020	 6.0154	 5.8863	 5.8181
ABHD6	 5.3755	 5.4351	 5.1841	 5.3283	 5.9848	 6.1698	 6.0814	 5.6667	 5.6792	 5.5018	 5.4482	 5.4711	 5.5485	 5.5572	 5.5456	 5.6313	 5.6373	 5.0242	 5.3430	 5.3056	 5.3246	 5.3325	 5.7741	 5.8076	 5.9758	 5.8699	 5.8947	 5.3811	 5.3852	 5.2912	 5.9258	 5.8054	 5.6024	 5.3947	 5.4283	 5.2344
ABHD8	 5.7577	 5.7073	 5.5913	 5.4384	 5.6118	 5.7709	 5.8494	 5.8538	 6.0849	 5.9995	 6.0017	 5.7545	 5.7258	 5.7566	 5.8100	 5.7237	 5.8439	 5.6234	 5.7946	 5.6710	 5.8732	 5.7082	 5.8868	 5.8630	 6.0174	 5.6993	 5.5538	 5.8162	 5.6628	 5.6216	 5.5551	 6.1699	 5.7890	 5.6692	 5.8494	 5.5819
ABI1	 7.4521	 7.2296	 7.4400	 7.1909	 6.8423	 6.8474	 6.8654	 6.9117	 7.0507	 7.0056	 6.9322	 6.9775	 7.0359	 7.1035	 7.1244	 7.1993	 7.0698	 7.0765	 6.9161	 7.0415	 7.1598	 7.0676	 7.1524	 7.0430	 7.1449	 6.9798	 7.2688	 7.1425	 7.1942	 7.0861	 7.0306	 7.0883	 6.9687	 7.0366	 7.1997	 7.1864
ABI2	 7.6025	 7.4674	 7.5452	 7.3896	 7.2130	 7.1628	 7.3507	 7.2771	 7.1807	 7.3102	 7.3097	 7.4839	 7.4891	 7.4328	 7.3359	 7.3033	 7.3270	 7.7765	 7.6020	 7.7256	 7.7082	 7.6795	 7.1304	 7.1153	 7.0818	 7.0207	 7.1132	 7.5233	 7.5506	 7.6516	 7.1753	 7.2462	 7.2249	 7.5236	 7.5943	 7.6077
ABI3	 6.5042	 6.3491	 6.2181	 6.3429	 6.6406	 6.8558	 6.5516	 6.6637	 6.7041	 6.4543	 6.4761	 6.1372	 6.6044	 6.3857	 6.7401	 6.4698	 6.6774	 6.4808	 6.6504	 6.5324	 6.5242	 6.3647	 6.5586	 6.5030	 6.5262	 6.6342	 6.2497	 6.5094	 6.3017	 6.4625	 6.6503	 6.8373	 6.2535	 6.4651	 6.2204	 6.5879
ABI3BP	 3.7620	 3.8566	 4.0945	 3.7998	 3.7980	 3.7717	 3.9088	 3.7799	 3.7052	 3.7143	 3.8521	 3.7104	 3.6832	 3.9652	 3.7289	 3.8862	 3.9410	 3.8529	 3.7423	 3.8110	 3.7356	 3.6874	 3.7458	 3.8560	 3.7417	 4.2479	 3.7709	 3.8585	 3.7230	 3.8438	 3.7412	 3.8649	 3.8835	 3.7053	 3.9215	 3.7985
ABL1	 8.4764	 8.4379	 8.4948	 8.0605	 8.4304	 8.2578	 8.6041	 8.6820	 9.0243	 8.8228	 8.5231	 8.5824	 8.7103	 8.5355	 8.5563	 8.4861	 8.5139	 8.9104	 9.0110	 9.0300	 9.1088	 8.9747	 8.2811	 8.2071	 7.9646	 7.9751	 8.1782	 8.7311	 8.6774	 8.6747	 8.3097	 8.4258	 8.5658	 8.7852	 8.6912	 8.6068
ABL2	 7.2220	 7.2491	 7.0319	 7.0869	 7.2223	 6.9465	 6.9907	 6.8790	 6.8776	 6.8532	 6.8185	 7.1952	 7.0817	 7.1145	 6.8782	 6.9335	 6.9848	 7.2255	 6.9045	 6.9841	 7.0072	 6.9407	 7.0174	 7.2089	 7.0944	 6.9762	 6.9544	 7.0351	 7.0984	 7.1273	 6.9284	 7.2122	 6.7865	 7.1320	 7.0521	 7.0767
ABLIM1	 7.3368	 7.0964	 7.3043	 7.1352	 8.1399	 8.2637	 8.3530	 7.6443	 7.8781	 7.5614	 7.4516	 7.3637	 7.4227	 7.2739	 8.0619	 7.6626	 7.7874	 7.7585	 7.4995	 7.3540	 7.4038	 7.7335	 7.6103	 7.6721	 7.5218	 7.7772	 7.6230	 7.3272	 7.5348	 7.3086	 7.6803	 7.9636	 7.7578	 7.4299	 7.3656	 7.3752
ABLIM2	 6.0154	 6.0770	 6.1180	 6.0471	 5.9297	 5.8590	 5.7023	 6.1648	 6.1344	 6.1011	 6.2089	 6.0695	 5.9216	 5.8197	 6.1819	 5.9275	 6.2275	 6.0246	 5.7676	 6.0221	 6.0901	 5.9738	 6.1660	 6.1067	 6.0551	 5.9501	 6.0900	 6.0361	 5.9955	 5.9550	 5.9843	 6.1305	 6.0462	 6.0794	 5.9434	 5.9638
ABLIM3	 6.3809	 6.5309	 6.1109	 6.2585	 6.3209	 6.4649	 6.1919	 6.5489	 6.7503	 6.4309	 6.3022	 6.3982	 6.5876	 5.8501	 6.2289	 6.4421	 6.4523	 5.6452	 6.3174	 5.7066	 5.6944	 5.6394	 6.8261	 6.8765	 6.7977	 6.9818	 6.7801	 6.1056	 6.1140	 6.0605	 6.6471	 6.4712	 6.5608	 6.2370	 6.0487	 5.9944
ABO	 5.3151	 5.8522	 5.9577	 5.9493	 5.7367	 5.7794	 5.9474	 6.2281	 6.2078	 6.0259	 6.1583	 5.7877	 6.0304	 5.8047	 5.8712	 5.8304	 6.0549	 5.5750	 5.4464	 6.0338	 6.0864	 5.7361	 6.0703	 5.9390	 6.0917	 6.0142	 5.9724	 5.8233	 5.6668	 5.9037	 5.9965	 6.0849	 5.9041	 5.9641	 5.7531	 5.6766
ABP1	 5.0938	 5.1202	 5.5172	 5.5485	 5.4161	 5.3426	 5.3969	 5.5365	 5.3970	 5.2212	 5.2441	 5.0026	 5.3364	 5.3357	 5.4828	 5.3158	 5.1693	 4.5235	 4.6103	 4.5909	 4.4869	 4.8290	 5.7975	 5.4818	 6.1915	 6.1055	 6.1207	 5.0734	 5.2109	 4.7144	 5.6001	 5.6060	 5.4378	 5.0431	 5.0215	 4.9340
ABR	 7.4167	 7.3437	 7.1152	 6.8724	 7.9659	 7.9731	 7.7705	 7.9106	 8.0086	 7.8128	 7.9042	 8.0383	 8.1454	 7.9792	 7.0851	 7.3950	 7.2187	 7.6516	 7.7963	 7.8200	 7.7592	 7.7300	 7.5112	 7.6010	 7.6131	 7.3701	 7.5838	 7.7026	 7.5402	 7.6743	 7.8891	 7.5971	 7.4585	 7.5484	 7.7414	 7.6271
ABRA	 3.6703	 3.5796	 3.9346	 3.6257	 3.7438	 3.9870	 3.8774	 3.8470	 3.6930	 3.6756	 3.8147	 3.9868	 3.6132	 3.6384	 3.8387	 3.6805	 3.8066	 3.8212	 3.9125	 3.7746	 3.6360	 3.6110	 3.6707	 3.5646	 4.0428	 3.9277	 3.6457	 3.6293	 3.7474	 3.8242	 3.8953	 3.7812	 3.6867	 3.7229	 3.6619	 3.8162
ABRACL	 9.0434	 8.8410	 8.6733	 8.5656	 9.5960	 9.7085	 9.6834	 9.6923	10.1845	10.1125	 9.9892	 9.5183	 9.4079	 9.4522	 9.3848	 9.3527	 9.1771	 9.2953	 8.9010	 9.2161	 9.0963	 9.0317	 9.8258	 9.5753	 9.3988	 9.7257	 9.7557	 9.0669	 9.1084	 9.0852	 9.5624	 9.4103	10.0597	 9.1635	 9.0312	 9.0659
ABT1	 8.6749	 8.5142	 8.8435	 8.8351	 9.2707	 9.3110	 8.9305	 8.3581	 8.3728	 8.5432	 8.4816	 8.7176	 8.6659	 8.7714	 8.8190	 8.6682	 8.8208	 8.7603	 8.7193	 8.8336	 8.8364	 8.9386	 8.7010	 8.7153	 8.6933	 8.6316	 8.6085	 8.8227	 8.6232	 8.8319	 8.7318	 8.7885	 8.6648	 8.7195	 8.8050	 8.7532
ABTB1	 6.2008	 5.9045	 5.9621	 5.7588	 5.7915	 5.8321	 5.6143	 6.0107	 6.0499	 5.8046	 5.8569	 5.8406	 5.9293	 5.8629	 5.8781	 5.8160	 5.9955	 5.8510	 5.6719	 5.9598	 5.7725	 5.8175	 5.9157	 6.0153	 5.9914	 6.0113	 5.8645	 5.8823	 5.8300	 5.9207	 5.9921	 5.8974	 5.8001	 5.9079	 5.8754	 5.8496
ABTB2	 7.0372	 6.5136	 6.8024	 6.6577	 6.9472	 7.1638	 7.0024	 7.2721	 7.3403	 7.4441	 7.2929	 6.9505	 7.0980	 7.0056	 6.9364	 7.0131	 7.1401	 7.1816	 7.1083	 7.1943	 7.0221	 6.8755	 6.9550	 7.0303	 7.1227	 6.9163	 6.8334	 7.1496	 6.8581	 6.8541	 7.0722	 7.1519	 7.0579	 7.0177	 6.9176	 6.9263
ACAA1	 8.8787	 8.8509	 9.3784	 9.1890	 9.7163	 9.7926	 9.7497	 9.4934	 9.7684	 9.2190	 9.1974	 9.1186	 9.2172	 9.1299	 9.3707	 9.4492	 9.6479	 9.0848	 9.1717	 9.0323	 9.0196	 9.0403	 9.5633	 9.5326	 9.5611	 9.6226	 9.5943	 9.1453	 9.0645	 9.0681	 9.6881	 9.4538	 9.5138	 9.0473	 9.1514	 9.0791
ACAA2	 8.2653	 7.9640	 8.0144	 7.7808	 9.1333	 9.1669	 9.0643	 8.8906	 8.9153	 8.6618	 8.6154	 8.4587	 8.3480	 8.4659	 8.5373	 8.6343	 8.6542	 8.4083	 8.4081	 8.3376	 8.2584	 8.3210	 8.6145	 8.7210	 8.7468	 8.6967	 8.6515	 8.2319	 8.2041	 8.3216	 8.8860	 8.7075	 8.7473	 8.2244	 8.2327	 8.3005
ACACA	 8.1036	 8.3366	 8.4788	 8.3564	 8.3651	 8.2677	 8.3939	 7.5047	 7.5840	 7.8172	 7.6344	 8.4930	 8.2834	 8.0787	 7.9017	 7.9017	 7.9190	 7.9174	 7.9510	 8.0094	 7.8493	 8.1626	 8.1612	 8.1923	 8.2538	 8.2593	 8.2060	 8.1983	 8.1792	 8.1275	 8.0135	 8.1174	 7.9415	 8.0839	 8.1675	 8.2536
ACCS	 6.2632	 6.2742	 6.5474	 6.2536	 6.7674	 6.7637	 6.7634	 6.8015	 6.6659	 6.5310	 6.3745	 6.9574	 6.6121	 6.1791	 6.6685	 6.4572	 6.1994	 6.4239	 6.4660	 6.1240	 6.2946	 6.2685	 6.7766	 6.5669	 6.7037	 6.7768	 6.7218	 6.5500	 6.2357	 6.3803	 6.5510	 6.7943	 6.5623	 6.5474	 6.2968	 6.3219
ACD	 8.3279	 8.3546	 8.7274	 8.3872	 8.9858	 9.0123	 8.8848	 8.7684	 9.0483	 8.8734	 8.8070	 9.0220	 9.0049	 9.0649	 8.3434	 8.4218	 8.6306	 8.8710	 8.7855	 8.8867	 8.8259	 8.9186	 8.6990	 8.7352	 8.5632	 8.5877	 8.6067	 8.8344	 8.7533	 8.7065	 8.7165	 8.6263	 8.8508	 8.7652	 8.7824	 8.7466
ACE	 5.2121	 5.1944	 5.1796	 5.2026	 5.3783	 5.8203	 5.4520	 5.5276	 5.6021	 5.1776	 5.2565	 5.3671	 5.1502	 5.1283	 5.3826	 5.5411	 5.4716	 5.4619	 4.9290	 5.3666	 5.4844	 5.3606	 5.3195	 5.1064	 5.2833	 5.5887	 5.5014	 5.1922	 5.4682	 5.0989	 5.4895	 5.3544	 5.4379	 5.2971	 5.2152	 5.2469
ACE2	 4.3627	 4.3640	 4.4729	 4.6248	 4.2967	 4.3276	 4.4575	 4.6315	 4.6286	 4.4760	 4.3838	 4.3142	 4.2401	 4.4935	 4.4271	 4.5369	 4.7164	 4.4448	 4.3000	 4.7470	 4.5011	 4.4937	 4.2725	 4.3303	 4.2445	 4.7568	 4.4563	 4.3862	 4.3864	 4.5671	 4.4449	 4.3307	 4.6130	 4.3121	 4.5543	 4.4732
ACER1	 4.9028	 5.1514	 4.9719	 5.1550	 5.3996	 5.2480	 5.0510	 5.1982	 5.2461	 5.2857	 5.2729	 5.0120	 5.2211	 4.8416	 5.0218	 5.2909	 5.4011	 4.9279	 5.3266	 4.7471	 4.9653	 4.6062	 5.5029	 5.0807	 5.5743	 5.4304	 5.1525	 5.4406	 4.7107	 4.8059	 4.9743	 5.3162	 5.5408	 4.5991	 5.0431	 5.3150
ACER3	 6.6342	 6.2443	 5.8731	 6.0277	 6.5656	 6.3947	 6.7264	 6.2674	 6.3894	 6.6784	 6.7173	 6.3994	 6.3840	 6.6165	 6.3227	 6.4683	 6.2627	 6.5831	 6.2827	 6.5721	 6.5179	 6.6907	 6.3646	 6.2945	 6.2909	 6.1708	 6.3219	 6.3633	 6.3488	 6.4943	 6.5307	 6.4631	 6.2534	 6.4183	 6.4229	 6.3653
ACHE	 6.1105	 5.9907	 6.1279	 6.0466	 5.7393	 5.5859	 5.5809	 5.8058	 5.7968	 5.5979	 5.7710	 5.6256	 5.8203	 5.7310	 5.8011	 6.0140	 6.0104	 5.9740	 5.7000	 5.7367	 5.5407	 5.6729	 5.9804	 5.8735	 5.8867	 6.1016	 5.8711	 5.8954	 5.8467	 5.7771	 5.7408	 5.5471	 6.1954	 5.9226	 5.8352	 5.7615
ACIN1	 7.6651	 7.9621	 7.9942	 7.5811	 8.5231	 8.4886	 8.3576	 8.6036	 8.7171	 8.6150	 8.4897	 8.2023	 8.3726	 8.0612	 8.0567	 8.6235	 8.1098	 8.1065	 8.5806	 8.2318	 8.2122	 8.3514	 8.1935	 8.0657	 8.1103	 8.3685	 8.1561	 8.2140	 8.0591	 8.0572	 8.4259	 8.3363	 8.3335	 8.0197	 8.2252	 8.0853
ACLY	 9.2198	 9.1125	 9.2614	 8.9070	11.3055	11.3599	11.2540	10.1449	10.2363	10.4149	10.3952	10.0934	 9.8554	10.0193	 9.9643	10.1194	 9.9939	 9.4704	 9.5781	 9.4900	 9.4797	 9.4936	10.4868	10.4385	10.5096	10.6135	10.5157	 9.5078	 9.4886	 9.4987	10.4843	10.4866	10.5795	 9.4650	 9.5585	 9.4716
ACMSD	 4.3105	 4.2260	 4.4552	 4.4289	 4.3546	 4.2669	 4.3133	 4.5301	 4.2487	 4.3700	 4.7313	 4.3556	 4.2629	 4.4884	 4.4087	 4.2466	 4.4015	 4.3309	 4.3128	 4.2245	 4.0054	 3.8509	 4.7234	 4.6159	 4.3414	 4.4787	 4.7219	 4.1794	 4.5366	 4.0970	 4.2812	 4.4694	 4.6000	 4.3072	 4.1133	 4.3925
ACN9	 3.8264	 3.8835	 4.2557	 3.8339	 3.8423	 3.9391	 3.8161	 3.9302	 3.7490	 3.9222	 3.8830	 3.8388	 3.9550	 3.8207	 3.7476	 3.8641	 4.2522	 3.7023	 3.8639	 4.1065	 4.1564	 4.3629	 3.6255	 4.0290	 3.8352	 3.6015	 3.8474	 4.1240	 3.9313	 3.8462	 3.7969	 3.7322	 4.0478	 3.9369	 3.9651	 3.9995
ACO1	 8.1130	 7.7648	 8.1010	 8.2670	 8.3167	 8.2586	 8.4249	 8.0189	 8.2114	 8.1513	 7.9180	 7.8278	 8.0466	 7.8957	 8.3367	 8.4953	 8.1117	 8.2544	 8.1847	 8.0601	 7.8035	 8.1600	 8.0612	 8.0824	 8.1099	 8.2257	 8.2476	 7.8226	 8.0683	 8.2288	 8.2975	 8.1431	 8.1534	 7.9620	 8.0482	 8.1095
ACOT8	 7.2694	 7.2242	 7.2101	 7.0702	 7.3070	 7.3988	 7.4181	 6.6937	 6.9203	 6.7060	 6.6556	 7.2517	 7.1076	 6.9642	 6.8698	 7.1791	 7.0796	 6.8322	 6.7862	 7.0291	 6.9441	 7.0359	 7.3412	 7.0653	 7.2973	 7.3531	 7.0688	 7.1290	 6.9361	 7.1161	 6.7947	 7.2811	 7.1949	 7.0697	 7.1530	 6.9585
ACOT9	 8.9633	 8.6630	 8.7195	 8.5015	 8.9686	 8.8977	 9.0922	 8.5896	 8.7157	 8.4217	 8.4492	 8.6265	 8.4831	 8.8778	 8.8476	 8.8903	 8.7362	 9.1075	 8.8555	 8.9644	 9.0078	 8.9415	 8.2706	 8.5057	 8.6504	 8.5598	 8.5723	 8.7999	 8.7694	 8.8585	 8.7822	 8.7690	 8.4824	 8.7696	 8.8637	 8.7945
ACOX1	 6.8964	 6.4346	 6.4919	 6.3386	 6.8526	 6.8938	 7.0020	 7.0690	 7.1680	 6.9403	 6.7568	 6.4481	 6.4318	 6.4801	 7.0436	 7.0083	 7.0358	 6.6637	 6.3549	 6.5946	 6.5024	 6.4994	 7.0291	 7.0805	 6.8517	 6.8350	 7.0016	 6.4885	 6.4758	 6.5699	 6.8987	 7.0593	 6.9557	 6.4829	 6.5000	 6.5512
ACOX2	 4.2978	 4.4104	 4.7791	 4.3725	 5.8807	 5.9099	 6.0414	 6.8158	 6.8112	 6.6077	 6.5584	 5.6569	 5.4636	 5.5246	 5.5694	 5.5735	 5.6821	 5.6843	 5.8411	 5.4282	 5.5370	 5.4517	 5.4927	 5.7764	 5.3751	 5.3917	 5.8050	 5.5709	 4.8670	 5.1739	 6.0271	 6.0721	 5.7590	 5.2947	 5.1382	 5.1790
ACOX3	 7.3054	 7.1033	 7.3920	 6.9577	 7.5649	 7.6156	 7.4982	 7.3175	 7.4792	 7.5525	 7.5415	 7.4014	 7.5071	 7.1660	 7.4410	 7.5462	 7.4422	 7.9059	 7.6615	 7.9084	 7.8618	 7.8891	 7.1563	 6.8077	 6.8823	 7.0300	 7.0701	 7.5515	 7.4274	 7.5360	 7.3395	 7.4001	 7.2495	 7.5359	 7.5539	 7.4252
ACOXL	 4.5442	 4.5393	 4.7128	 4.6842	 4.7863	 4.7714	 4.5953	 5.1250	 4.8801	 4.6693	 4.7849	 4.5873	 4.5905	 4.6334	 4.8616	 4.7552	 4.8457	 4.7713	 4.6778	 4.7065	 4.4215	 4.6488	 4.8003	 4.8969	 4.7852	 4.6823	 4.7323	 4.6357	 4.7221	 4.5216	 4.6849	 4.8182	 4.8913	 4.6764	 4.5995	 4.6035
ACP1	 8.5361	 8.4749	 8.4784	 8.3399	 9.1625	 8.9623	 9.0764	 9.2183	 9.3418	 9.3291	 9.2925	 8.9043	 8.8722	 8.9901	 8.8897	 8.8226	 8.9425	 9.0786	 9.0917	 8.9675	 9.0452	 8.9719	 8.8730	 8.7634	 8.7564	 8.8273	 8.6607	 8.8748	 8.7919	 8.7710	 8.9821	 9.0302	 8.9714	 8.8160	 8.7734	 8.8483
ACP2	 7.7909	 7.3642	 7.3384	 7.5184	 9.0308	 9.0970	 8.6156	 8.8709	 9.2084	 8.6287	 8.6521	 8.4959	 8.3397	 8.5058	 8.3211	 8.1495	 8.0604	 8.3773	 8.3172	 8.3482	 8.2518	 8.3661	 8.3002	 8.1454	 8.5470	 8.4144	 8.0530	 8.1408	 8.0512	 8.0615	 8.3980	 8.6334	 8.5875	 8.0971	 8.0671	 8.0893
ACP5	 6.0738	 5.8822	 5.8919	 5.5934	 5.5939	 5.4366	 5.7581	 5.8336	 5.7665	 5.9468	 5.9099	 5.5662	 5.8373	 6.0598	 5.6273	 5.7066	 5.8976	 5.5492	 5.6785	 5.7683	 5.6852	 5.4865	 6.1672	 5.7668	 5.8457	 5.9131	 5.9643	 5.7356	 5.8485	 5.6840	 5.6857	 6.1417	 5.5994	 6.1020	 5.4287	 5.7374
ACP6	 8.6608	 8.1517	 8.2566	 8.0762	 8.5732	 8.6002	 8.4796	 9.3470	 9.5188	 9.4844	 9.5075	 8.7552	 8.8522	 8.8564	 8.5143	 8.5069	 8.8335	 8.5038	 8.2795	 8.4180	 8.4348	 8.4371	 9.0780	 8.9710	 8.9924	 8.9964	 9.0866	 8.5672	 8.4126	 8.4407	 9.1340	 8.9825	 8.7815	 8.3800	 8.4743	 8.5663
ACPL2	 6.7410	 6.6314	 6.8059	 6.5269	 6.0574	 6.0588	 6.1295	 5.8557	 5.8394	 5.8844	 5.8218	 6.0923	 6.4102	 6.3320	 6.3989	 6.1362	 6.2719	 6.1511	 6.2176	 6.7712	 6.6827	 6.5505	 6.3319	 6.0759	 6.0125	 5.6607	 6.2819	 6.4598	 6.4917	 6.5268	 5.9131	 6.0490	 6.2013	 6.4193	 6.5711	 6.4878
ACPP	 5.0987	 4.9643	 4.6072	 4.7319	 4.8941	 5.0027	 4.9418	 5.3723	 5.5124	 5.3388	 5.3275	 4.7646	 4.9315	 4.9836	 5.2777	 4.9920	 5.1042	 4.8333	 4.7589	 4.7862	 4.7926	 4.0793	 5.2401	 5.5238	 5.3217	 5.3101	 5.4431	 4.7988	 4.8138	 4.7204	 5.1138	 5.2482	 5.3585	 4.7657	 4.7189	 4.8484
ACPT	 6.9921	 6.5966	 6.7547	 6.6710	 7.0464	 7.1217	 7.0847	 6.8471	 6.9910	 6.9781	 6.7228	 6.6565	 6.7941	 6.7091	 7.0253	 6.9471	 7.0787	 6.8532	 6.6420	 6.9644	 7.1446	 6.6320	 7.0413	 6.7003	 6.7522	 6.9566	 6.9983	 6.8402	 6.7433	 6.7691	 6.8812	 6.9558	 7.0214	 7.1126	 6.5752	 6.6648
ACR	 5.5372	 5.0915	 5.3819	 4.9701	 5.0189	 5.2143	 5.0970	 5.1144	 5.1179	 5.2572	 5.3081	 5.5065	 5.0021	 5.1916	 5.0172	 5.2171	 5.2456	 5.1437	 5.1018	 5.4868	 5.1802	 4.9877	 5.2126	 5.2286	 5.1215	 5.2524	 5.2517	 5.3188	 5.1542	 5.1722	 5.2960	 4.7448	 5.4942	 4.7656	 5.4911	 5.3886
ACRBP	 5.6139	 5.4365	 5.5897	 5.5231	 5.5720	 5.6276	 5.6017	 5.7421	 5.7619	 5.6603	 5.7347	 5.5861	 5.6343	 5.3048	 5.7687	 5.7262	 5.5848	 5.5627	 5.5121	 5.6722	 5.4624	 5.2947	 5.6550	 5.9333	 5.4864	 5.9215	 5.5079	 5.2841	 5.7154	 5.5486	 5.8421	 5.5433	 5.6714	 5.5651	 5.4060	 5.5770
ACRC	 5.6153	 5.6119	 5.7763	 5.5908	 5.7098	 5.5275	 5.5279	 5.7320	 5.6177	 5.7052	 5.6811	 5.6226	 5.4419	 5.9868	 5.5673	 5.5993	 5.6204	 5.4446	 5.7292	 5.3385	 5.7785	 5.5058	 6.0652	 5.3585	 5.7912	 6.0418	 5.3440	 5.5567	 5.6375	 5.6663	 5.6037	 5.4729	 5.9013	 5.8683	 5.4677	 5.5246
ACRV1	 4.9819	 5.4119	 5.4779	 5.5124	 5.0561	 5.1331	 5.1020	 5.2991	 5.1032	 5.4150	 5.5508	 5.2202	 5.1347	 5.1493	 5.4804	 5.2676	 5.3560	 4.9982	 5.3394	 5.2990	 5.1311	 5.1798	 5.2516	 5.2944	 5.3578	 5.5673	 5.2618	 5.1957	 5.2815	 5.2316	 5.1928	 5.4145	 5.2918	 5.2097	 5.4858	 5.0134
ACSBG1	 5.1233	 5.0789	 5.1348	 4.9725	 5.1376	 5.1333	 5.1577	 5.2683	 5.3961	 5.0676	 5.2860	 4.9249	 5.1159	 4.9526	 5.2291	 5.2291	 5.4568	 5.1411	 4.8494	 5.3030	 5.3668	 5.4903	 5.1903	 5.1829	 4.9157	 4.9337	 5.1407	 5.1273	 5.2791	 4.9570	 5.1068	 4.9354	 5.5028	 5.1742	 5.2350	 4.9541
ACSBG2	 5.2735	 5.2802	 5.8524	 5.4525	 5.3028	 5.5174	 5.4504	 5.1704	 5.1567	 5.4948	 5.3341	 5.1775	 5.1649	 5.6126	 5.5078	 5.2685	 5.6594	 5.5160	 5.2951	 5.6288	 5.2323	 5.6859	 5.4562	 5.1468	 5.1672	 5.4324	 5.4238	 5.3963	 5.4016	 5.4951	 5.3549	 5.4671	 5.2758	 5.4692	 5.4063	 5.4174
ACSF2	 7.8581	 8.0128	 8.0970	 7.8172	 7.9754	 8.1418	 8.0148	 8.0113	 8.3130	 7.9258	 7.7808	 7.2737	 7.4137	 7.3138	 8.5003	 8.4397	 8.3607	 7.0940	 7.0356	 7.0869	 7.3279	 7.3615	 8.5992	 8.4673	 8.5965	 8.5751	 8.6926	 7.5582	 7.4930	 7.3719	 8.1464	 8.3688	 8.3636	 7.8290	 7.3850	 7.2090
ACSF3	 6.3320	 6.3248	 6.5517	 6.3636	 6.5530	 6.5757	 6.4906	 6.5497	 6.4778	 6.2684	 6.3328	 6.4155	 6.4353	 6.2203	 6.4625	 6.4673	 6.5099	 6.1988	 6.4355	 6.4588	 6.4082	 6.0086	 6.4869	 6.4552	 6.5807	 6.6103	 6.5415	 6.4245	 6.3361	 6.2777	 6.4796	 6.4272	 6.5657	 6.3257	 6.3109	 6.4017
ACSL1	 9.0412	 8.7627	 8.5967	 8.4788	 7.9017	 7.8965	 7.9454	 8.1473	 8.3055	 7.9772	 7.9333	 7.3138	 7.1169	 7.3855	 9.0237	 9.0490	 9.0739	 7.4441	 7.1045	 7.3117	 7.1910	 7.2944	 8.9921	 9.0126	 9.0708	 8.9740	 9.2096	 7.7409	 7.7962	 7.7232	 8.5621	 8.6017	 8.5387	 7.7467	 7.8298	 7.6837
ACSL3	 9.7736	 9.2299	 8.9718	 8.7821	 8.9069	 8.5123	 9.0939	 9.1913	 9.2900	 9.0427	 8.8621	 8.7587	 9.0338	 8.8895	 9.3999	 9.3499	 9.1669	 9.7224	 9.2515	 9.4702	 9.4965	 9.5798	 8.7828	 8.7226	 8.5985	 8.5691	 8.8039	 9.2304	 9.2525	 9.2570	 8.9652	 9.0359	 8.8575	 9.2446	 9.2501	 9.2453
ACSL4	 4.1796	 4.2855	 4.4460	 4.5082	 4.2119	 4.1335	 4.0672	 4.3302	 4.3280	 4.2815	 4.3738	 4.2669	 4.1364	 4.3533	 4.0989	 4.3108	 4.6173	 4.3448	 4.3951	 4.4571	 4.4111	 4.2822	 4.3001	 4.2514	 4.1091	 4.1720	 4.2499	 4.2477	 4.4798	 4.2890	 4.4958	 4.0018	 4.2695	 4.3386	 4.1587	 4.5193
ACSM1	 5.2718	 5.3018	 5.1991	 5.3315	 5.2091	 5.3483	 5.4218	 5.2509	 5.2537	 5.2607	 5.2748	 5.2203	 5.0779	 5.2806	 5.2803	 5.4292	 5.3167	 4.6965	 5.2858	 5.2159	 5.0904	 5.5142	 5.4818	 5.2693	 5.4312	 5.5128	 5.1772	 5.1245	 5.1006	 5.3964	 5.4134	 5.4939	 5.0763	 5.1396	 5.1508	 5.3309
ACSM2B	 4.1962	 3.9011	 4.0443	 3.8643	 3.9536	 4.0211	 4.0529	 3.9140	 3.8872	 3.8714	 3.7050	 4.2494	 3.5317	 3.5453	 3.8655	 4.0324	 4.3654	 3.9203	 3.9135	 3.5551	 3.9986	 3.8075	 4.3313	 3.9912	 3.8943	 3.9071	 3.9974	 3.9891	 3.9211	 3.7216	 3.8984	 4.0218	 4.0377	 3.9094	 3.8654	 3.8570
ACSM3	 5.4035	 5.4618	 5.6535	 5.4444	 4.7705	 4.6524	 4.7221	 5.2150	 5.3521	 5.1907	 5.0739	 4.9990	 5.3835	 4.9758	 5.1151	 5.1516	 5.3369	 4.5976	 4.8482	 4.6546	 4.8127	 4.9848	 5.8489	 5.5955	 5.1218	 5.3264	 5.8130	 5.1601	 5.0640	 5.0808	 5.1842	 5.2340	 5.2390	 5.0826	 5.0833	 5.1389
ACSM5	 5.0739	 4.9353	 5.3608	 4.9100	 5.2964	 5.3884	 5.1582	 5.2779	 5.1049	 5.1451	 5.2496	 4.8597	 5.1274	 5.1945	 5.2088	 5.1953	 5.3422	 5.0733	 5.2490	 5.2948	 4.9159	 5.0635	 5.1626	 5.0795	 5.1266	 5.3992	 5.1820	 4.9682	 5.1598	 5.1364	 5.3148	 5.2261	 5.1224	 4.9730	 5.1244	 5.1671
ACSS1	 6.1277	 6.1486	 5.9145	 5.9337	 5.9829	 6.0072	 6.0558	 6.1734	 6.0608	 6.0158	 6.1694	 6.0618	 6.0771	 6.0516	 5.9559	 5.9617	 6.1905	 6.0742	 6.0651	 5.8926	 6.0704	 6.0106	 6.0922	 6.0747	 6.0918	 6.1475	 5.9786	 6.0914	 5.9406	 6.0750	 6.0597	 6.0402	 6.0918	 6.2084	 5.8688	 6.0299
ACSS2	 8.0687	 7.8462	 8.0112	 7.7404	 7.9188	 7.8694	 7.7908	 7.8154	 7.9333	 8.0232	 7.8770	 7.5790	 7.9251	 7.6233	 7.9275	 7.9878	 8.0094	 7.5180	 7.4386	 7.4811	 7.1765	 7.1670	 8.1254	 8.3997	 8.3022	 8.4420	 8.3698	 7.5995	 7.5877	 7.7066	 8.0871	 7.7349	 8.3363	 7.4002	 7.7078	 7.7857
ACSS3	 7.2991	 6.9623	 7.1562	 7.1954	 7.2620	 7.1564	 7.3140	 7.7709	 7.7849	 7.4578	 7.3142	 7.0056	 7.2547	 6.9774	 7.5554	 7.3184	 7.4136	 6.7110	 6.8554	 6.7408	 6.6199	 6.7628	 7.8248	 7.7613	 7.6138	 7.7314	 7.9204	 7.0287	 6.8962	 6.9603	 7.4427	 7.5912	 7.6060	 6.7081	 7.1666	 7.0105
ACTA1	 4.3600	 4.2472	 4.5639	 4.2226	 4.8809	 4.9583	 4.8807	 5.0174	 5.0242	 4.8676	 4.9148	 4.8579	 4.8869	 4.6543	 4.5331	 4.5946	 4.7089	 4.6527	 4.9038	 4.6506	 4.8173	 4.9654	 4.4590	 4.7230	 4.2533	 5.0102	 4.6240	 4.3703	 4.6924	 4.8829	 4.8522	 4.8325	 4.6053	 4.2287	 4.7326	 4.9843
ACTL6A	 9.3015	 9.5622	 9.5381	 9.4363	 9.8818	 9.9271	 9.8312	 9.2351	 9.8068	 9.5141	 9.3450	 9.4669	 9.6284	 9.8446	 9.5563	 9.6745	 9.3468	 9.6960	 9.4468	 9.7888	10.1333	 9.4694	 9.4943	 9.6000	 9.4941	 8.8670	 9.8727	 9.5597	 9.7018	 9.5666	 9.5479	 9.5555	 9.5860	 9.6413	 9.6269	 9.5599
ACTL6B	 5.1287	 5.2944	 5.1821	 5.4586	 5.6008	 5.4551	 5.4114	 5.6176	 5.5470	 5.6124	 5.7004	 5.5827	 5.2925	 5.5737	 5.2600	 5.5067	 5.4874	 5.5735	 5.2038	 5.9053	 5.5600	 5.4385	 5.4268	 5.6360	 5.5119	 5.0318	 5.2173	 5.3976	 5.5764	 5.3245	 5.2514	 5.5700	 5.5831	 5.5198	 5.2890	 5.4897
ACTL7A	 5.9198	 5.7033	 5.8349	 5.7022	 5.7614	 6.2339	 5.8973	 5.5883	 5.6260	 5.7439	 5.8404	 5.4875	 5.8482	 6.0107	 5.9339	 5.6302	 5.9763	 6.0151	 6.1096	 5.8165	 5.7865	 5.9714	 5.6852	 5.4200	 5.8620	 5.8799	 5.5987	 5.9200	 5.7647	 5.8667	 5.8792	 5.8156	 5.6406	 6.2348	 5.5209	 5.7957
ACTL7B	 5.4125	 5.6048	 5.6478	 5.6188	 5.8916	 6.1289	 5.8749	 6.3815	 6.0583	 6.0449	 6.3145	 6.2140	 5.8649	 5.5551	 5.7166	 5.7351	 6.1032	 5.5822	 5.6714	 5.9007	 5.3648	 6.0790	 6.2415	 5.9894	 5.8632	 6.1990	 5.7568	 5.5358	 5.7045	 5.8887	 6.0041	 6.0281	 6.0277	 5.7996	 5.7021	 5.6274
ACTL8	 6.4695	 6.2415	 6.6778	 6.5994	 7.0629	 6.8978	 6.6789	 6.8650	 6.6717	 6.6737	 6.6362	 6.8396	 6.7571	 6.6024	 6.3356	 6.8042	 6.7327	 7.0071	 6.5804	 6.7540	 6.6528	 6.9199	 6.6827	 6.5459	 6.7438	 6.3579	 6.5412	 6.5088	 6.5412	 6.9754	 6.6610	 6.5940	 6.7910	 6.7029	 6.7267	 6.5957
ACTL9	 4.0248	 4.0864	 4.2738	 4.2640	 4.6158	 4.6344	 4.4662	 4.3560	 4.2587	 4.4238	 4.4938	 4.5448	 4.3805	 4.1832	 4.5353	 4.4855	 3.8952	 4.7848	 4.1930	 4.1871	 4.5141	 3.8671	 4.4474	 4.5339	 4.4562	 4.7376	 3.6529	 4.1855	 4.4877	 4.1528	 4.4302	 4.3710	 4.3973	 4.2625	 4.2330	 4.3304
ACTN1	 9.0904	 8.9739	 8.6381	 8.6619	 8.8876	 8.9461	 8.6767	 9.2787	 9.3841	 9.3121	 9.5081	 9.2435	 9.1242	 9.0614	 8.8799	 8.9684	 8.8565	 9.1346	 8.9652	 8.9972	 8.9710	 8.9575	 9.0819	 9.0715	 9.0217	 9.0140	 9.0088	 9.0050	 9.0000	 8.9497	 9.0577	 9.1518	 8.9698	 8.9623	 9.0273	 8.9651
ACTN2	 4.8657	 5.0692	 5.0785	 5.0737	 5.0922	 5.0361	 4.9098	 5.0711	 4.9296	 5.0555	 5.1594	 4.8541	 5.1052	 5.0350	 4.8982	 5.0974	 5.1864	 5.1476	 5.0756	 5.0454	 4.7751	 5.1574	 5.1099	 4.9097	 5.0775	 5.2042	 4.7914	 4.9957	 5.1622	 4.9128	 4.9776	 5.0073	 5.1208	 4.9687	 5.1247	 4.9771
ACTN3	 5.4367	 5.5222	 5.6164	 5.5694	 5.8412	 5.7670	 5.6061	 5.9285	 5.8126	 5.6510	 5.7350	 5.8239	 5.3552	 5.6948	 5.7402	 5.5352	 5.7749	 5.5954	 5.5330	 5.5750	 5.5244	 5.4354	 5.6107	 5.9403	 5.8841	 6.0396	 5.4025	 5.6720	 5.4961	 5.5023	 5.8652	 5.5999	 5.7887	 5.5850	 5.5484	 5.5369
ACTN4	10.2048	10.2103	 9.8148	 9.7798	 9.9563	10.0040	 9.7178	 9.7615	 9.8895	 9.9789	10.0213	 9.7118	 9.7639	 9.5469	10.2548	10.1945	10.2004	10.2277	10.1162	10.1153	10.0518	10.0426	 9.8843	 9.8167	 9.7385	 9.6843	 9.7764	10.0017	 9.9400	 9.9548	10.0693	 9.8362	 9.8704	10.0104	10.0137	 9.8724
ACTR10	10.9543	10.7789	10.7348	10.4549	10.5541	10.4301	10.7112	 9.8277	10.0051	 9.8985	 9.6606	 9.6834	 9.5470	 9.6648	11.0911	10.9616	10.9964	10.1844	 9.8610	10.0851	10.1038	10.0529	10.5552	10.6414	10.5763	10.4368	10.7435	10.1661	10.1989	10.1614	10.3609	10.6607	10.3963	10.1288	10.1312	10.2664
ACTR1A	 8.7177	 8.5441	 8.4848	 8.2786	 9.5658	 9.6733	 9.4182	 8.2587	 8.2195	 8.7685	 8.4744	 8.7375	 8.6698	 8.6435	 8.8616	 8.8764	 8.8177	 9.0821	 9.1497	 8.9406	 9.0552	 9.0759	 8.4188	 8.4914	 8.5338	 8.4069	 8.5232	 8.7665	 8.7690	 8.8094	 8.8401	 8.7340	 8.6875	 8.7296	 8.7754	 8.8398
ACTR1B	 9.1188	 9.0024	 8.7720	 8.4572	 8.6334	 8.6229	 8.5528	 9.1495	 9.3888	 8.8462	 8.8349	 8.5488	 8.5358	 8.4274	 9.2802	 9.1053	 9.1026	 8.8983	 8.6705	 9.0066	 8.8308	 8.8831	 8.7763	 8.7682	 8.8825	 8.8170	 8.8001	 8.7945	 8.7448	 8.7486	 9.1439	 8.8947	 8.6735	 8.6444	 8.8596	 8.7839
ACTR2	 8.5146	 8.1940	 8.6094	 7.8427	 7.8607	 7.7985	 7.8999	 7.6486	 7.8614	 8.0743	 8.0489	 8.1948	 7.7437	 8.2210	 8.1641	 8.2679	 7.7593	 8.0299	 8.0969	 8.1075	 8.1107	 8.1981	 8.0805	 8.0404	 8.0905	 7.8941	 7.9362	 8.0922	 8.1977	 8.1759	 7.8422	 7.9321	 8.1109	 8.2026	 8.1417	 8.1215
ACTR3	 8.9544	 8.7948	 8.8734	 8.5562	 8.2876	 8.2282	 8.3760	 8.9561	 9.0121	 9.1181	 9.0135	 8.7955	 8.7761	 8.6910	 8.8356	 8.7380	 8.6196	 8.6863	 8.5743	 8.8424	 8.6809	 8.6808	 8.8461	 8.7371	 8.8465	 8.5847	 8.9472	 8.7160	 8.7897	 8.7208	 8.7477	 8.7811	 8.7004	 8.8250	 8.7369	 8.6646
ACTR3B	 7.1360	 7.1508	 6.6838	 6.7457	 7.8018	 7.8647	 7.7918	 6.9163	 6.9355	 7.2900	 7.1952	 7.3341	 7.3960	 7.4431	 7.2157	 6.9175	 7.0868	 7.6269	 6.9690	 7.4568	 7.5658	 7.4488	 7.0551	 6.9701	 7.0856	 6.9775	 7.1664	 7.2880	 7.1461	 7.3050	 7.3377	 7.1940	 7.1223	 7.2318	 7.2935	 7.2139
ACTR5	 6.8392	 6.9556	 7.0742	 6.9565	 7.5614	 7.6295	 7.6259	 7.2628	 7.2409	 7.1869	 7.3487	 7.4954	 7.3456	 7.2622	 7.0074	 7.1653	 7.0245	 7.1534	 7.1344	 6.9785	 7.1573	 7.0572	 7.2554	 7.3411	 7.2864	 7.5140	 7.2896	 7.0316	 7.0608	 7.2599	 7.3324	 7.2407	 7.3749	 7.1181	 7.0932	 7.1410
ACTR6	 7.6508	 7.4599	 7.5634	 7.4694	 6.7373	 6.8822	 6.8334	 6.5889	 6.6201	 6.4839	 6.6173	 7.1877	 7.0565	 7.0266	 6.9427	 6.9484	 7.0308	 6.9992	 7.0399	 6.9143	 7.1150	 6.6881	 7.0392	 7.2144	 6.9532	 7.1206	 7.2371	 7.1729	 7.3029	 7.0669	 6.7672	 6.8789	 7.0037	 7.0752	 7.2402	 7.2273
ACTR8	 7.1305	 7.1237	 7.1042	 7.0091	 8.1992	 8.1086	 8.2290	 7.2477	 7.3705	 7.4578	 7.4996	 7.6172	 7.3622	 7.6015	 7.4561	 7.3474	 7.3402	 7.3165	 7.4103	 7.2392	 7.4237	 7.1711	 7.6299	 7.6097	 7.4863	 7.5840	 7.6702	 7.3557	 7.2388	 7.2828	 7.5479	 7.6824	 7.6169	 7.3089	 7.3248	 7.2436
ACTRT2	 5.1036	 4.9909	 5.0296	 5.5148	 5.3361	 5.5049	 5.2711	 5.1682	 5.1760	 5.2642	 5.3497	 5.8611	 5.2260	 5.2020	 5.1616	 4.7849	 5.2740	 5.4384	 5.2028	 5.1764	 5.2768	 5.2299	 5.3526	 5.2470	 5.4390	 5.4333	 4.7193	 5.2904	 5.4022	 5.1205	 5.3352	 5.0695	 5.2917	 5.2384	 5.2561	 5.3185
ACTRT3	 5.6147	 5.8756	 6.0950	 6.1921	 6.4533	 6.6909	 6.6920	 6.3297	 6.3282	 6.6859	 6.6962	 6.0236	 6.2095	 5.7902	 6.5299	 6.4851	 6.5927	 6.4034	 6.1550	 5.8896	 6.0092	 6.3496	 6.1678	 6.4835	 6.6897	 5.9359	 6.6346	 6.2726	 5.9549	 5.9243	 6.6033	 6.6066	 6.2692	 6.0303	 6.1047	 6.0168
ACVR1	 8.9394	 8.5860	 8.2282	 8.3788	 7.6627	 7.5512	 7.8854	 7.1549	 7.5702	 7.7263	 7.5470	 8.2342	 8.1070	 8.1491	 7.9016	 7.8819	 7.6761	 8.1754	 7.5209	 8.0775	 8.0043	 8.2103	 8.2582	 7.9233	 8.1018	 7.4696	 8.1750	 8.3372	 8.2418	 8.0738	 7.5526	 8.5332	 7.2113	 8.2921	 8.3025	 8.0583
ACVR1B	 6.5634	 6.3187	 6.6196	 6.4412	 6.3233	 6.4961	 6.4816	 6.1877	 6.2344	 6.2193	 6.2704	 6.4219	 6.3591	 6.3577	 6.3739	 6.3450	 6.5077	 6.4313	 6.4848	 6.4676	 6.6210	 6.3669	 6.3468	 6.3120	 6.1541	 6.4912	 6.2663	 6.4394	 6.4327	 6.4912	 6.4081	 6.3854	 6.2085	 6.4519	 6.5011	 6.4102
ACVR1C	 4.7009	 4.5088	 4.5864	 4.7461	 4.5167	 4.4151	 4.3312	 4.3887	 4.0752	 4.1390	 4.3421	 4.0862	 4.1868	 4.5370	 4.8828	 4.4476	 4.5192	 4.3932	 4.6939	 4.7053	 4.3639	 4.3144	 4.6229	 4.3578	 4.4389	 4.2002	 4.3422	 4.4914	 4.6840	 4.2803	 4.5471	 4.1841	 4.4727	 4.3336	 4.7190	 4.4030
ACVR2A	 7.7301	 7.6370	 7.4533	 7.2462	 6.8583	 6.7873	 7.2302	 7.1870	 7.3452	 7.2437	 6.9324	 6.8606	 7.1930	 6.9864	 7.5869	 7.4428	 7.2658	 7.0447	 7.0408	 6.8756	 6.8815	 6.9127	 7.3529	 7.5962	 7.4347	 7.4900	 7.5967	 6.9193	 7.1938	 7.3524	 7.4274	 7.3248	 7.1178	 7.1850	 7.1358	 7.1447
ACVR2B	 7.0468	 6.7248	 6.9440	 6.8370	 6.5996	 6.7499	 6.8113	 6.7990	 6.8881	 6.9467	 6.6948	 6.8760	 7.1546	 6.9049	 6.5494	 6.7604	 6.7470	 6.7078	 6.7872	 6.9562	 6.7321	 6.7543	 7.1353	 6.7857	 6.9461	 6.6825	 6.8330	 6.8672	 6.8173	 6.9219	 6.7798	 6.8088	 6.7972	 6.9682	 6.8589	 6.7793
ACVR2B-AS1	 5.5649	 5.7596	 5.6804	 5.4169	 5.9786	 6.0380	 5.7264	 5.3961	 5.3557	 5.1736	 5.3046	 5.3040	 5.9786	 5.5328	 5.6270	 5.2924	 5.7622	 5.2435	 6.0373	 5.4099	 5.3666	 5.7655	 5.4952	 5.4933	 5.7213	 5.7962	 5.4996	 5.6002	 5.6379	 5.5269	 5.7755	 5.5815	 5.3751	 5.4313	 5.5382	 5.7955
ACVRL1	 5.5181	 5.4174	 5.5733	 5.4683	 5.7932	 5.8630	 5.6867	 6.0083	 5.9177	 5.9250	 5.8304	 5.6318	 5.7764	 5.6232	 5.5771	 5.6778	 5.9178	 5.9608	 5.3149	 5.5916	 5.7629	 5.5942	 5.5783	 5.7538	 5.9259	 6.0252	 5.4992	 5.7167	 5.4854	 5.6061	 5.8378	 5.7337	 5.8244	 5.6017	 5.6199	 5.5866
ACY1	 5.2038	 5.2778	 5.2719	 5.4794	 5.6601	 5.6923	 5.5189	 5.8548	 5.9853	 5.8620	 5.8071	 5.7206	 5.4391	 5.6099	 5.3547	 5.5556	 5.8217	 5.8579	 5.6449	 5.6114	 5.5888	 5.5237	 5.7026	 5.4248	 5.2878	 5.7863	 5.4079	 5.8551	 5.3813	 5.3209	 5.5726	 5.9064	 5.4654	 5.5140	 5.1442	 5.8992
ACY3	 5.5320	 5.3803	 5.4775	 5.3716	 5.9045	 5.8637	 5.7828	 5.6801	 5.6675	 5.6107	 5.8232	 5.7358	 5.5120	 5.5492	 5.7048	 5.4267	 5.8270	 5.7496	 5.4680	 5.7162	 5.7453	 5.4387	 5.7936	 5.3548	 5.6180	 5.6912	 5.6839	 5.5660	 5.4821	 5.6209	 5.4540	 5.9105	 5.7220	 5.5992	 5.6471	 5.4227
ACYP1	 8.7749	 8.5947	 8.9499	 8.5905	 7.9686	 7.7829	 7.9136	 7.7604	 7.8972	 7.1789	 7.0549	 8.3652	 8.1578	 8.4682	 7.9304	 8.0590	 7.8028	 8.2206	 8.4202	 8.3594	 8.1969	 8.3471	 7.8936	 7.7650	 7.9446	 8.2129	 7.9453	 8.4099	 8.4601	 8.4913	 7.6753	 7.2928	 8.4540	 8.4681	 8.4937	 8.3996
ACYP2	 7.0569	 6.4237	 6.6961	 6.7998	 7.6588	 7.9555	 7.9942	 7.5419	 7.7274	 7.3931	 7.4912	 7.5159	 7.1917	 7.4528	 7.2095	 7.0817	 7.3064	 7.0806	 7.3051	 7.3414	 7.2685	 7.3212	 7.2509	 7.4647	 7.2127	 7.2266	 7.4585	 7.0868	 7.2262	 7.0505	 7.8463	 7.4249	 7.1234	 7.1257	 7.1206	 7.1171
ADA	 7.5808	 8.0495	 7.7268	 7.6319	 6.5016	 6.4452	 6.3832	 5.6893	 5.9463	 6.4244	 6.5101	 6.8538	 6.4992	 6.6029	 6.8857	 7.0350	 7.2737	 6.8603	 6.8220	 6.6840	 6.5393	 6.6622	 6.8241	 7.1940	 6.9177	 6.9738	 7.1062	 7.2514	 6.9721	 6.9047	 6.4897	 6.6799	 6.8524	 7.0808	 7.1725	 6.8749
ADAD1	 4.5225	 4.6023	 4.5834	 4.7928	 4.7034	 4.5949	 4.5494	 4.4793	 4.3948	 4.3943	 4.6061	 4.4239	 4.4837	 4.5336	 4.5014	 4.8848	 4.5918	 4.7753	 4.7723	 4.5625	 4.6028	 4.3658	 4.5566	 4.6205	 4.3765	 4.4227	 4.6438	 4.7185	 4.4301	 4.6066	 4.4121	 4.3310	 4.9210	 4.5005	 4.6920	 4.5627
ADAD2	 5.9185	 6.1002	 6.1922	 6.1470	 6.5274	 6.4992	 6.3118	 6.9494	 6.7587	 6.7697	 6.6752	 6.2650	 6.4453	 6.3963	 6.5251	 6.2395	 6.5770	 6.2820	 6.6333	 6.4374	 6.4082	 6.2262	 6.5624	 6.0463	 6.3980	 6.5805	 6.5059	 6.3611	 6.1533	 6.3485	 6.5202	 6.5246	 6.5404	 6.4142	 6.2634	 6.1853
ADAL	 6.4688	 6.2876	 6.3400	 6.1813	 6.1341	 6.0862	 6.1177	 6.0973	 6.1677	 6.0588	 6.0818	 6.1995	 6.0376	 6.2089	 6.2016	 6.0533	 6.3529	 5.9850	 5.9934	 6.0880	 5.8746	 6.0851	 6.4328	 6.2627	 6.3158	 6.3725	 6.3464	 5.9894	 6.2508	 6.1973	 6.2143	 6.1940	 6.2080	 6.2487	 6.0991	 6.0897
ADAM1	 7.2130	 6.7239	 6.5494	 6.2673	 4.6959	 4.5893	 4.8638	 4.4971	 5.0614	 4.7142	 4.6853	 5.0111	 5.4683	 5.4535	 5.8874	 6.1497	 5.2159	 5.8591	 5.0749	 5.5025	 5.5180	 5.6505	 5.6774	 5.5353	 6.0304	 4.7810	 5.6806	 5.7195	 5.9742	 5.8792	 4.8235	 5.2481	 5.5413	 5.8578	 5.7782	 5.9370
ADAM10	 9.0754	 8.6692	 8.4598	 7.8961	 7.4383	 7.2141	 7.4368	 8.6869	 9.0243	 9.0089	 8.8092	 8.3257	 8.1663	 8.5521	 8.4838	 8.2398	 8.3345	 8.3864	 8.2806	 8.2121	 8.3852	 8.3355	 8.4552	 8.5154	 8.3547	 8.1525	 8.4262	 8.3749	 8.4377	 8.3734	 8.3720	 8.4732	 8.0710	 8.4022	 8.4145	 8.3694
ADAM11	 6.3135	 6.1434	 6.1459	 6.1972	 6.2646	 6.5028	 6.2477	 6.4805	 6.6655	 6.3988	 6.3754	 6.2275	 6.3058	 6.1905	 6.2665	 6.4137	 6.5520	 6.2367	 6.4942	 6.2393	 6.5887	 6.2327	 6.2084	 6.0909	 6.1561	 6.5220	 6.4912	 6.1181	 6.2988	 6.4119	 6.5456	 6.1879	 6.3937	 6.0411	 6.4759	 6.3118
ADAM12	 4.7026	 4.6054	 4.5475	 4.7108	 4.5724	 4.5561	 4.5364	 4.7106	 4.5502	 4.6260	 4.6891	 4.5355	 4.6967	 4.4939	 4.6361	 4.5552	 4.8343	 4.6225	 4.7008	 4.6419	 4.8860	 4.6438	 4.4620	 4.5773	 4.5738	 4.7579	 4.3868	 4.5983	 4.5572	 4.7913	 4.5880	 4.7268	 4.4900	 4.6357	 4.6332	 4.6778
ADAM15	 8.1608	 8.1881	 8.1489	 8.0462	 8.1810	 8.1498	 7.7982	 7.3380	 7.6604	 7.8536	 7.8568	 8.0204	 7.3971	 8.0186	 8.2002	 8.2294	 7.9595	 8.1024	 8.3311	 8.1567	 8.1910	 8.0792	 7.7067	 7.6825	 7.7863	 7.9117	 7.7609	 8.0526	 8.0631	 8.0944	 7.7996	 7.8688	 7.9467	 8.2253	 7.9903	 7.9946
ADAM17	 7.1802	 7.1785	 6.9897	 6.8712	 6.7908	 6.7584	 6.8250	 7.1508	 7.2019	 7.2734	 7.0301	 7.0000	 6.9089	 7.0783	 7.0670	 7.0147	 7.0579	 7.0704	 6.7885	 7.0845	 6.9887	 7.0437	 7.0634	 7.0443	 7.0852	 6.9624	 7.0800	 7.0251	 7.0125	 7.0080	 7.0168	 6.8995	 7.1648	 6.9974	 7.0634	 6.9849
ADAM18	 3.9310	 4.2355	 4.2800	 4.4442	 4.2270	 4.1371	 3.9992	 4.0470	 4.0118	 4.0915	 3.9480	 4.2806	 4.4049	 4.0775	 4.2794	 3.8363	 4.0033	 4.3908	 4.5254	 3.8486	 4.0111	 4.3938	 3.8031	 4.3555	 3.9091	 4.2700	 3.9628	 4.2739	 4.1804	 4.2516	 4.1555	 3.8665	 4.1543	 4.3218	 4.2496	 4.1345
ADAM19	 5.8699	 5.6984	 5.8430	 5.9430	 5.6567	 5.8447	 5.9521	 6.0592	 5.9919	 5.8714	 6.0242	 5.8426	 5.7694	 5.7964	 5.6998	 6.1488	 6.0062	 5.6571	 5.8511	 6.1097	 5.7555	 5.9698	 5.8251	 6.1448	 6.0944	 5.7230	 5.6416	 5.9041	 5.8929	 5.7295	 5.8946	 6.0556	 5.7866	 5.8721	 5.7440	 5.9104
ADAM2	 3.6982	 3.6891	 3.5465	 3.6382	 3.8050	 3.6375	 3.6344	 4.1576	 3.8244	 3.8078	 3.8443	 4.4628	 4.7591	 4.3663	 3.1239	 3.0196	 3.1084	 4.1582	 4.1126	 3.5050	 3.5873	 4.5204	 3.6138	 3.7663	 3.5709	 3.7323	 3.5002	 4.2043	 3.9831	 3.8236	 3.2692	 3.7372	 3.8229	 3.9432	 4.0456	 4.0221
ADAM20	 5.6705	 5.9631	 6.1794	 6.0750	 6.0619	 5.9440	 5.9460	 6.0207	 5.9852	 5.9376	 5.8724	 5.8943	 5.7653	 5.8717	 6.0146	 6.0606	 6.2056	 6.0649	 5.9647	 6.0154	 6.1083	 6.0511	 5.6771	 5.8755	 6.1668	 6.0606	 5.7026	 6.1494	 5.9908	 5.7657	 6.2255	 5.9325	 5.7483	 6.0453	 5.9649	 5.8958
ADAM21	 5.1033	 4.9905	 5.1789	 5.4970	 4.7014	 4.8811	 4.8128	 4.8361	 4.6572	 5.1543	 5.1905	 4.8080	 4.9651	 5.1010	 5.1403	 5.0228	 5.0028	 5.0008	 5.2961	 4.7799	 4.9005	 4.7410	 5.0046	 4.9947	 5.4648	 5.2343	 4.6503	 4.9557	 5.1692	 4.9656	 5.0169	 5.0969	 4.8358	 5.0009	 5.1804	 4.9092
ADAM22	 5.3054	 4.9163	 4.9623	 4.8817	 4.9464	 4.9540	 4.9126	 5.3605	 5.3335	 5.1516	 5.1595	 5.0309	 4.9421	 5.1106	 5.1616	 4.9873	 5.1330	 4.9693	 4.9396	 4.8987	 4.9907	 4.9275	 5.2122	 5.1940	 5.0904	 5.3052	 5.0814	 5.0164	 4.9642	 4.9882	 5.0839	 5.1630	 5.1496	 5.0337	 5.0417	 4.8934
ADAM23	 4.6640	 4.7537	 4.6895	 5.0637	 4.7848	 4.9360	 4.8701	 4.6812	 4.7015	 4.7179	 4.8206	 4.6354	 4.8551	 4.7196	 4.8569	 4.6960	 4.9573	 4.6604	 4.9283	 4.8177	 4.8911	 4.6459	 4.7828	 4.7748	 4.9091	 4.8274	 4.6298	 4.7603	 4.8017	 4.7691	 4.7097	 4.7377	 4.9417	 4.8780	 4.6536	 4.7996
ADAM28	 4.6195	 4.6054	 4.5080	 4.6624	 4.7776	 4.8723	 4.7093	 4.7695	 4.7668	 4.7327	 4.7643	 4.8294	 4.7339	 4.6123	 4.6472	 4.6402	 4.7213	 4.6989	 4.6679	 4.5646	 4.8029	 4.5957	 4.6691	 4.6768	 4.7765	 4.8301	 4.6911	 4.6711	 4.7690	 4.5352	 4.8806	 4.7244	 4.6039	 4.7304	 4.5154	 4.7295
ADAM29	 4.3308	 4.4361	 4.4186	 4.2117	 4.3034	 4.3434	 4.4267	 4.3208	 4.1529	 4.2388	 4.2139	 4.2529	 4.3193	 4.3143	 4.3699	 4.3309	 4.2526	 4.2951	 4.1751	 4.2966	 4.3540	 4.1804	 4.5513	 4.2973	 4.4010	 4.2874	 4.2285	 4.2195	 4.3279	 4.3488	 4.0716	 4.4954	 4.3768	 4.3059	 4.3872	 4.2032
ADAM30	 4.4388	 4.4843	 4.4308	 4.5343	 4.6295	 4.5132	 4.4373	 4.7709	 4.6046	 4.6074	 4.5130	 4.4178	 4.5826	 4.6618	 4.5205	 4.6060	 4.4175	 4.6212	 4.5569	 4.5036	 4.3510	 4.4862	 4.5145	 4.5311	 4.5741	 4.8515	 4.3537	 4.5805	 4.5663	 4.3705	 4.3001	 4.5401	 4.8487	 4.4899	 4.5278	 4.4997
ADAM32	 5.1349	 4.9850	 5.2468	 5.1122	 5.4702	 5.2972	 5.1422	 5.2440	 5.4512	 5.1959	 5.1712	 5.5058	 5.3594	 5.8920	 5.0776	 4.7329	 4.7672	 5.1539	 5.1625	 5.0988	 5.1663	 4.8379	 5.6421	 5.1017	 5.4734	 5.3794	 5.2087	 5.2021	 5.2967	 5.1651	 5.3785	 5.0426	 5.2498	 5.3430	 5.2986	 5.0223
ADAM33	 6.0580	 6.3082	 6.3669	 6.4333	 5.8789	 5.8278	 5.8968	 6.4957	 6.5639	 6.4265	 6.4870	 6.1532	 6.2108	 6.1943	 6.0988	 6.4623	 6.4415	 6.4873	 6.5322	 6.3619	 6.2084	 6.2809	 6.2732	 6.0365	 6.0558	 6.2792	 6.0858	 6.2396	 6.4875	 6.1718	 6.2795	 6.0046	 6.3779	 6.2816	 6.2113	 6.4059
ADAM3A	 3.9159	 4.4048	 4.3879	 4.2875	 4.6751	 4.5061	 4.3875	 4.4263	 4.5480	 4.7146	 4.5505	 4.3318	 4.5018	 4.5058	 4.3692	 4.5823	 4.2609	 4.3464	 4.9958	 4.4999	 4.0657	 4.3561	 4.3724	 4.3296	 4.4061	 4.4858	 4.3953	 4.3717	 4.3068	 4.4714	 4.6356	 4.3078	 4.4585	 4.5757	 4.3728	 4.2013
ADAM5P	 4.5253	 4.4185	 4.7389	 4.5948	 4.5252	 4.8206	 4.3927	 4.4032	 4.3804	 4.4327	 4.5069	 4.6310	 4.3689	 4.3794	 4.5674	 4.6150	 4.6099	 4.3082	 4.8587	 4.4648	 4.9017	 4.4544	 4.1394	 4.5273	 4.5761	 4.6591	 4.3962	 4.6297	 4.4640	 4.5674	 4.4235	 4.4966	 4.5903	 4.5973	 4.5804	 4.4834
ADAM6	 5.4554	 5.0790	 5.5381	 5.1502	 5.4284	 5.3294	 5.2277	 5.2717	 5.3054	 5.2523	 5.2510	 5.1963	 4.9859	 5.0760	 5.4336	 5.5198	 5.4846	 5.2951	 5.2996	 5.1043	 5.6082	 4.8899	 5.6129	 5.2042	 5.4592	 5.2823	 5.0715	 5.2374	 5.3218	 5.1104	 5.3119	 5.4006	 5.3143	 5.3123	 5.0032	 5.3541
ADAM7	 4.4437	 4.3963	 4.3427	 4.4634	 4.3692	 4.3674	 4.2431	 4.2980	 4.2156	 4.2828	 4.3607	 4.3776	 4.2459	 4.2909	 4.3333	 4.3344	 4.5281	 4.4140	 4.1241	 4.4504	 4.4216	 4.5942	 4.5387	 3.9152	 4.4096	 4.3592	 4.2902	 4.2753	 4.3942	 4.4717	 4.2665	 4.3880	 4.3146	 4.2435	 4.4875	 4.4102
ADAM8	 6.1533	 5.9663	 6.0775	 6.0763	 5.9579	 5.9841	 5.9807	 6.3228	 6.3701	 6.1789	 6.2605	 6.1662	 6.0714	 6.1803	 6.0773	 6.1176	 6.1401	 6.0006	 6.2497	 6.2808	 6.1653	 6.3253	 5.9372	 6.0108	 6.0183	 6.2794	 5.9874	 6.1559	 6.0401	 6.2323	 6.1502	 6.0103	 6.1641	 6.1725	 6.0321	 6.2236
ADAM9	 7.4050	 7.6072	 7.1959	 7.1688	 6.8666	 6.6758	 6.7453	 7.2010	 7.1497	 7.1323	 7.1492	 6.9500	 6.7493	 6.7694	 7.5407	 7.2879	 7.3403	 6.9161	 6.8700	 6.8840	 7.1380	 7.1113	 7.3670	 7.2235	 7.2797	 6.9582	 7.3150	 7.0729	 7.0458	 7.0725	 7.1740	 7.1641	 7.1083	 7.1021	 7.0252	 7.0639
ADAMDEC1	 3.8836	 4.0141	 4.0137	 3.8170	 3.9116	 3.6741	 3.6713	 3.5790	 3.6534	 3.8136	 3.7755	 4.0473	 3.8159	 3.7573	 3.7826	 3.7708	 3.7137	 3.7842	 4.3180	 3.5239	 3.7695	 3.6454	 4.1901	 3.9368	 3.5899	 3.6083	 3.7798	 3.8130	 3.8598	 3.9247	 3.8196	 3.7372	 3.7334	 3.8146	 3.9355	 3.8473
ADAMTS1	 4.8784	 4.7382	 4.7025	 4.7425	 5.1180	 5.3168	 5.1412	 5.2293	 5.1129	 5.1989	 5.3530	 4.4405	 4.4995	 4.4325	 5.7106	 5.6456	 5.3023	 5.1947	 5.2359	 5.2604	 4.7038	 5.3336	 5.0149	 4.8020	 4.6200	 5.1405	 4.7459	 4.7641	 4.8514	 4.9251	 5.1335	 5.1897	 5.1672	 4.6857	 4.8643	 4.9906
ADAMTS10	 5.8513	 6.1696	 6.1563	 6.0424	 6.0803	 6.1590	 6.1795	 6.6417	 6.7307	 6.4637	 6.4063	 6.2753	 6.3651	 6.2722	 6.1236	 6.2069	 6.2554	 6.0848	 6.5220	 6.2335	 6.1270	 6.3639	 6.2401	 6.0657	 6.2943	 6.4137	 6.1524	 6.2824	 6.1326	 6.2009	 6.0853	 6.3023	 6.4950	 6.2196	 6.1130	 6.2833
ADAMTS12	 6.2078	 5.8450	 5.6537	 5.9130	 5.9443	 6.2414	 6.0260	 5.8623	 5.9637	 5.8595	 5.8738	 5.8162	 5.7649	 5.9384	 6.1539	 5.8797	 6.0073	 5.7291	 5.9784	 5.9466	 5.9915	 5.5496	 6.0811	 6.0347	 6.1244	 6.0526	 5.7791	 5.9754	 5.9250	 5.6831	 6.0691	 6.0650	 5.8427	 5.8268	 5.8028	 5.9540
ADAMTS13	 6.7474	 6.5147	 6.4346	 6.3129	 6.6706	 6.7457	 6.5696	 6.8183	 7.0924	 6.7502	 6.9166	 6.6721	 6.8377	 6.6635	 6.7085	 6.5183	 6.6306	 6.6113	 6.7127	 6.5461	 6.8006	 6.4728	 6.6073	 6.8677	 6.5856	 6.7939	 6.7197	 6.6578	 6.5035	 6.6703	 6.8048	 6.7067	 6.6875	 6.6642	 6.3986	 6.7687
ADAMTS14	 6.3328	 6.0455	 6.5369	 6.2513	 6.5226	 6.1644	 6.2016	 6.4783	 6.6235	 6.4280	 6.4911	 6.2312	 6.2879	 6.5606	 6.3442	 6.3930	 6.3927	 6.8331	 6.5155	 6.5212	 6.2005	 6.0032	 6.5940	 6.1105	 6.2300	 6.3979	 6.2768	 6.2272	 6.3425	 6.5103	 6.3358	 6.3502	 6.4436	 6.5192	 6.1351	 6.4256
ADAMTS15	 5.1080	 5.1865	 5.3254	 5.3236	 5.6492	 5.4856	 5.5208	 5.4150	 5.3691	 5.3246	 5.3852	 5.3779	 5.2102	 5.1114	 5.3997	 5.4031	 5.5693	 5.2500	 5.4881	 5.3514	 5.1666	 5.0640	 5.3064	 5.5666	 5.5046	 5.5020	 5.2532	 5.3839	 5.1886	 5.1682	 5.3932	 5.4884	 5.4493	 5.1230	 5.3835	 5.2342
ADAMTS16	 5.6377	 5.8070	 5.8088	 5.6658	 6.0988	 5.9399	 5.6761	 6.3200	 6.0552	 6.0479	 6.0021	 5.9059	 6.0497	 5.9876	 5.8896	 5.6984	 5.9578	 6.0889	 6.5482	 6.0678	 5.7023	 5.7219	 5.9488	 5.6512	 5.7594	 5.9646	 5.6949	 6.1779	 5.8398	 5.7302	 5.8728	 6.0255	 5.8427	 5.9547	 5.8461	 5.9470
ADAMTS17	 5.6410	 5.5479	 5.5632	 5.4666	 4.9020	 5.0848	 5.0176	 4.8679	 5.0982	 4.8032	 4.7259	 5.0202	 4.8271	 5.2446	 5.5010	 5.3343	 5.1135	 5.1685	 5.0934	 5.0756	 5.2591	 4.9330	 5.4212	 5.3440	 5.3210	 5.1756	 4.9433	 5.1647	 5.1775	 5.3679	 5.1565	 5.1979	 4.9764	 5.3568	 5.0863	 5.2670
ADAMTS18	 5.2208	 5.0390	 5.2348	 5.1284	 4.8721	 5.0329	 4.9881	 5.0499	 4.9433	 5.0359	 4.9895	 4.9240	 5.0810	 4.9210	 5.0575	 4.9803	 5.3174	 5.1186	 5.0202	 4.9599	 5.2415	 4.5953	 5.0997	 5.1542	 5.2442	 5.0469	 4.9882	 5.0307	 5.1121	 4.9783	 5.1096	 4.9688	 5.0816	 5.0287	 4.8585	 5.2339
ADAMTS19	 4.3048	 4.1727	 3.9342	 4.1046	 7.6270	 7.5572	 7.6549	 8.2546	 8.4620	 8.4487	 8.0241	 6.9691	 7.2082	 7.2163	 6.0642	 6.0119	 5.9383	 7.8558	 7.5997	 8.0749	 8.1133	 8.0753	 5.3661	 5.1333	 5.3689	 5.1004	 4.9922	 6.3912	 6.5421	 6.4740	 6.6395	 6.6107	 6.7507	 6.5168	 6.3397	 6.5508
ADAMTS2	 5.4117	 5.6615	 5.6326	 5.8877	 5.7610	 5.9263	 5.7494	 5.6655	 5.6636	 5.6803	 5.7102	 5.5658	 5.5708	 5.5874	 5.8218	 5.6654	 5.9554	 5.8005	 5.8447	 5.5873	 5.7717	 5.5681	 5.5382	 5.5623	 5.8368	 5.7699	 5.6649	 5.5520	 5.5383	 5.8822	 5.6509	 5.6869	 5.8563	 5.7583	 5.6352	 5.5789
ADAMTS20	 3.8787	 3.6717	 3.5101	 3.6521	 3.9470	 3.7796	 3.7690	 3.6415	 3.5958	 3.7289	 3.6475	 3.5918	 3.5869	 3.7100	 3.7428	 3.9308	 3.6663	 3.4339	 3.8820	 3.9650	 3.5703	 3.7263	 3.6479	 3.5847	 3.6864	 3.5788	 3.9722	 3.6023	 3.7203	 3.7220	 3.6111	 3.7494	 3.8234	 3.7512	 3.7018	 3.5917
ADAMTS3	 3.7031	 3.6766	 3.5515	 3.7167	 3.5343	 3.6335	 3.6873	 3.9095	 3.7093	 3.7211	 3.8643	 3.3615	 3.5572	 3.6477	 3.8853	 3.5968	 4.0215	 3.5827	 3.6741	 3.7108	 3.4507	 3.5251	 3.5277	 3.4026	 4.0400	 4.1039	 3.7658	 3.5970	 3.9314	 3.2610	 3.7105	 3.6518	 3.9183	 3.7152	 3.5491	 3.5251
ADAMTS4	 6.5495	 6.1537	 6.2881	 6.2079	 6.5592	 6.4358	 6.3360	 6.2726	 6.0803	 6.1531	 6.2622	 5.9752	 6.4421	 6.0444	 6.3813	 6.2479	 6.6789	 6.3033	 6.1001	 6.2321	 6.5144	 6.5134	 6.1371	 6.2722	 6.6351	 6.1606	 6.0812	 6.1716	 6.2910	 6.3684	 6.2073	 6.4301	 6.3013	 6.1091	 6.3461	 6.3758
ADAT1	 8.5059	 8.2004	 7.8783	 7.5990	 9.0073	 9.1400	 8.7704	 7.7830	 7.6792	 8.1757	 8.0504	 8.1039	 8.0834	 8.3405	 8.3873	 8.3161	 8.2021	 8.3423	 8.3268	 8.3636	 8.2178	 8.2576	 8.0747	 8.3268	 8.0938	 8.1643	 8.2213	 8.2085	 8.1568	 8.1896	 8.4728	 8.0963	 8.3093	 8.1800	 8.1909	 8.1840
ADAT2	 5.9836	 6.2175	 6.2692	 6.0283	 5.9201	 5.8217	 6.0572	 5.9710	 6.0931	 6.1190	 6.1211	 5.9686	 6.0437	 5.8971	 6.1339	 6.1437	 6.1674	 5.9833	 6.0002	 5.9947	 6.2899	 6.2247	 6.0639	 6.0761	 5.8816	 5.9975	 6.0787	 6.1710	 6.2484	 5.8058	 5.9922	 6.3231	 5.8140	 6.1853	 6.0137	 6.0262
ADAT3	 6.6728	 6.6188	 6.6458	 6.5154	 7.6308	 7.7006	 7.4936	 7.0942	 7.0809	 7.0007	 6.9918	 6.9568	 6.9307	 6.8502	 7.0910	 6.9592	 7.1992	 6.8344	 7.1235	 7.0549	 6.9851	 6.9093	 6.9975	 7.0530	 6.8556	 7.1278	 7.0375	 6.8694	 6.8117	 6.8433	 7.1141	 7.1918	 7.1568	 6.8171	 6.8843	 6.8231
ADC	 6.8062	 6.5168	 6.4939	 6.5171	 6.5322	 6.4211	 6.4715	 6.6283	 6.6503	 6.4161	 6.5786	 6.3998	 6.5663	 6.4871	 6.7176	 6.5255	 6.6400	 6.4830	 6.8456	 6.5660	 6.5950	 6.7345	 6.4737	 6.4931	 6.4260	 6.6910	 6.2527	 6.7995	 6.5955	 6.3577	 6.5168	 6.5200	 6.5468	 6.6119	 6.5209	 6.6201
ADCK1	 6.8128	 7.0685	 7.1830	 6.8932	 7.5532	 7.6339	 7.6628	 7.7743	 7.8650	 7.5581	 7.7469	 7.4643	 7.3387	 7.4374	 7.4492	 7.1853	 7.3292	 6.9057	 7.1813	 7.0931	 7.1686	 7.0181	 7.5382	 7.7126	 7.8797	 7.5197	 7.6562	 7.3055	 7.0716	 7.0141	 7.5725	 7.3422	 7.8983	 7.0755	 7.1616	 7.1541
ADCK2	 7.3371	 7.4285	 7.4575	 7.2533	 8.0743	 8.1312	 8.2642	 7.8210	 7.8515	 7.9406	 7.8652	 7.6990	 7.7925	 7.6893	 7.7179	 7.6404	 7.7967	 7.7516	 7.5412	 7.6419	 7.6014	 7.5765	 7.8068	 7.9165	 7.8431	 7.7610	 7.7864	 7.6065	 7.4680	 7.6180	 7.9506	 7.9723	 7.7204	 7.5542	 7.5996	 7.5386
ADCK3	 7.3586	 7.1899	 7.2425	 7.0931	 6.6515	 6.6598	 6.6479	 6.8197	 6.7749	 6.8165	 6.6401	 6.8572	 6.8311	 7.1717	 6.9119	 6.7411	 6.9819	 6.7916	 6.5802	 6.8883	 6.7728	 6.9311	 6.9587	 7.1704	 6.7706	 7.0951	 7.1995	 6.9171	 6.9060	 7.1040	 6.7561	 6.8597	 6.9521	 7.0798	 6.8835	 6.9638
ADCK4	 5.8645	 6.0402	 5.9583	 5.7826	 6.1829	 6.1932	 6.1493	 6.2128	 6.3809	 6.1312	 6.1915	 6.2055	 6.0910	 6.0933	 5.9205	 6.0364	 6.1441	 5.9926	 6.2488	 6.0613	 6.0341	 5.8586	 5.9270	 5.9466	 6.0675	 6.4708	 6.2108	 6.2363	 5.9169	 5.9044	 6.1855	 6.1682	 6.0794	 6.1518	 5.9426	 5.9633
ADCK5	 6.5422	 6.3851	 6.7664	 6.4004	 6.6626	 6.6527	 6.6739	 7.0651	 7.3405	 6.9302	 6.7786	 6.7959	 6.5603	 6.7901	 6.8084	 6.9287	 6.4290	 6.6926	 6.8373	 6.4788	 6.4759	 6.7323	 6.6965	 6.6788	 6.8927	 6.9558	 6.7465	 6.7094	 6.5754	 6.5795	 6.7645	 6.7867	 6.8968	 6.4167	 6.9038	 6.5437
ADCY1	 6.4838	 6.6994	 6.0427	 5.9628	 5.7578	 5.7609	 5.5330	 6.8436	 6.9722	 7.5989	 7.5076	 7.1172	 7.0515	 7.2773	 5.8004	 6.0029	 6.0086	 7.0115	 7.1570	 6.9572	 6.9638	 7.0319	 6.0103	 6.0030	 6.0694	 6.1371	 6.0885	 6.8510	 6.8492	 6.7388	 6.2971	 6.3577	 6.1641	 6.8510	 6.6509	 6.9371
ADCY10	 4.1915	 4.2519	 4.3829	 4.2527	 4.3610	 4.1877	 4.2095	 4.3341	 4.4027	 4.2815	 4.4103	 4.2674	 4.1598	 4.2099	 4.3832	 4.3758	 4.3098	 4.2150	 4.5384	 4.0777	 4.0789	 4.2328	 4.4816	 4.0656	 4.2154	 4.5379	 4.4000	 4.2701	 4.3075	 4.1372	 4.1172	 4.3183	 4.5557	 4.1574	 4.3246	 4.2327
ADCY10P1	 5.7052	 5.3947	 5.2494	 5.2571	 5.6484	 5.6099	 5.7190	 5.5250	 5.2665	 5.2640	 5.2880	 5.5631	 5.5420	 5.1413	 5.4175	 5.4575	 5.5485	 5.6300	 5.1943	 5.3912	 5.6069	 5.5353	 5.1382	 5.3554	 5.2717	 5.6147	 5.7120	 5.0992	 5.2972	 5.9062	 5.3204	 5.4611	 5.5857	 5.4678	 5.2901	 5.5447
ADCY2	 5.1292	 5.0622	 5.3664	 5.4416	 5.1319	 5.1776	 5.1554	 5.1377	 4.9975	 5.2041	 5.1822	 5.1640	 5.2624	 5.0821	 5.2882	 5.0981	 5.2645	 5.3087	 5.2484	 5.1852	 5.1592	 5.4673	 4.9849	 5.0891	 5.3185	 5.2285	 4.9423	 5.2669	 5.0912	 5.3610	 5.2033	 5.0885	 5.1483	 5.1845	 5.3258	 5.2089
ADCY3	 7.1738	 7.0276	 7.0677	 6.9585	 7.2450	 7.2714	 7.5184	 7.3543	 7.3546	 7.4652	 7.3966	 7.3307	 7.5993	 7.4675	 7.0145	 7.0413	 7.0908	 7.3598	 7.2616	 7.2566	 7.3968	 7.1804	 7.3629	 7.1149	 7.1791	 7.2652	 7.1964	 7.2725	 7.2289	 7.2686	 7.1892	 7.2318	 7.3532	 7.4642	 7.1674	 7.1385
ADCY4	 6.5621	 6.4577	 6.3700	 6.4894	 6.9466	 7.0358	 6.7512	 6.8299	 6.9275	 6.7448	 6.7609	 6.7769	 6.7076	 6.6498	 6.4780	 6.5880	 6.9570	 6.6781	 6.6362	 6.7471	 6.6126	 6.6119	 6.7247	 6.6857	 6.6539	 7.0050	 6.5740	 6.4014	 6.7811	 6.6424	 6.9671	 6.6679	 6.6976	 6.6900	 6.3331	 6.8018
ADCY5	 6.1328	 5.9541	 5.8534	 6.0335	 5.6479	 5.7526	 5.7241	 6.4418	 6.4578	 6.3444	 6.1781	 6.0679	 6.0294	 5.8101	 6.1558	 6.0504	 6.2480	 6.2284	 6.2266	 6.4782	 6.4425	 6.0365	 5.8156	 5.6700	 6.1322	 5.7961	 5.7767	 6.1013	 6.0309	 6.1911	 6.2010	 5.8068	 6.0305	 6.1475	 5.9767	 6.1991
ADCY6	 8.3695	 8.1567	 8.0548	 7.8650	 8.5170	 8.6783	 8.4573	 8.0162	 8.3715	 7.9601	 7.9967	 7.9663	 8.0267	 7.8718	 8.3972	 8.7167	 8.1419	 7.9638	 8.1517	 8.2380	 8.0168	 8.0050	 8.3211	 8.1832	 8.2722	 8.5110	 8.2049	 8.2062	 7.9101	 8.0552	 8.4091	 8.2586	 8.2813	 8.1652	 8.0467	 7.9595
ADCY7	 6.7032	 6.4583	 6.3418	 6.3230	 6.0247	 5.9816	 5.9991	 5.6489	 5.7850	 5.7173	 5.8889	 6.2447	 6.2004	 6.3193	 5.9289	 5.8200	 6.1935	 6.2628	 5.9831	 6.1045	 6.0648	 6.1038	 6.4360	 6.1583	 6.0236	 6.1316	 5.9097	 6.0964	 6.3461	 6.3349	 6.0192	 6.0652	 5.8449	 6.2865	 6.3415	 6.1494
ADCY8	 5.1251	 5.3442	 5.4520	 5.0754	 5.7278	 5.8428	 5.5509	 5.9550	 6.0347	 5.6699	 5.6637	 5.5659	 5.7242	 5.7775	 5.2862	 5.3454	 5.6983	 5.4504	 6.0486	 5.6837	 5.2735	 5.4230	 5.7527	 5.2619	 5.4446	 5.8490	 5.4751	 5.5320	 5.3648	 5.5890	 5.7761	 5.5251	 5.6104	 5.2635	 5.8146	 5.4078
ADCY9	 6.4828	 6.4464	 6.3838	 6.2084	 6.3916	 6.4378	 6.4344	 6.7785	 6.8926	 7.0147	 7.1117	 6.8222	 6.7235	 6.6652	 6.4813	 6.6355	 6.4012	 6.9383	 7.0761	 6.8501	 6.8792	 6.9970	 6.0758	 6.3537	 6.3331	 6.2751	 6.4365	 6.6058	 6.7189	 6.7936	 6.5287	 6.7781	 6.3038	 6.5754	 6.7773	 6.7655
ADCYAP1	 5.1283	 5.0292	 4.8968	 5.0087	 4.7896	 4.8848	 4.7386	 5.0480	 4.8276	 4.7582	 5.0271	 4.9650	 5.0305	 4.7504	 4.8152	 4.9984	 5.0266	 4.8090	 5.1556	 5.1851	 4.8217	 4.8099	 4.5564	 4.9381	 5.2205	 5.0754	 4.7386	 4.8799	 5.1390	 4.8787	 4.8816	 4.8831	 4.9239	 4.9121	 4.9114	 5.0741
ADCYAP1R1	 5.1883	 5.3515	 5.3249	 5.4829	 5.6550	 5.5103	 5.5260	 5.2721	 5.2333	 5.2865	 5.4829	 5.3109	 5.4656	 5.2164	 5.2809	 5.3583	 5.6541	 5.4229	 5.3599	 5.3241	 5.2450	 5.3904	 5.1982	 5.3603	 5.8570	 5.4702	 5.1823	 5.4161	 5.1163	 5.4882	 5.4264	 5.3645	 5.4746	 5.3579	 5.2911	 5.3717
ADD1	 7.8974	 7.7598	 7.9283	 7.4496	 7.4664	 7.4749	 7.4904	 7.9771	 8.1765	 8.0786	 7.9564	 7.6913	 7.7179	 7.6808	 7.8510	 8.0104	 7.8349	 7.9589	 8.0450	 7.9050	 7.9785	 8.0377	 7.6111	 7.7128	 7.5123	 7.6733	 7.5427	 7.8734	 7.8221	 7.8170	 7.6551	 7.9198	 7.6988	 7.8767	 7.8523	 7.7836
ADD2	 5.9120	 5.8231	 5.7781	 5.9262	 5.7783	 5.8461	 5.7012	 6.0693	 5.8121	 5.8519	 5.8383	 5.8635	 5.7761	 5.7271	 5.8549	 5.7600	 6.1039	 5.9460	 5.8760	 5.8504	 5.7966	 5.8431	 5.8737	 5.7991	 5.8786	 5.8186	 5.7937	 5.7382	 5.9634	 5.8280	 5.8944	 5.8105	 5.8510	 5.8003	 5.8496	 5.8796
ADD3	 8.1896	 7.9450	 7.4051	 7.4759	 6.8702	 6.8766	 6.8902	10.1165	10.2223	 9.7523	 9.6103	 6.8108	 6.9480	 6.8317	 9.2734	 9.4520	 9.3661	 7.4556	 7.3717	 7.3863	 7.5474	 7.5818	 8.7673	 8.7835	 8.7573	 8.6137	 8.8720	 7.3967	 7.4006	 7.4399	 8.6612	 8.9951	 8.7885	 7.4211	 7.3876	 7.4284
ADGB	 3.4585	 3.3318	 3.4895	 3.4131	 3.4748	 3.4857	 3.3636	 3.5124	 3.3095	 3.4614	 3.3762	 3.4941	 3.2618	 3.5206	 3.3305	 3.4720	 3.4163	 3.2671	 3.1848	 3.5262	 3.2452	 3.3918	 3.3301	 3.6036	 3.5122	 3.4596	 3.6383	 3.4476	 3.4138	 3.2848	 3.4812	 3.5262	 3.3418	 3.3875	 3.3580	 3.4006
ADH1A	 4.1257	 4.4194	 4.8050	 4.3490	 3.8837	 3.9569	 3.9255	 4.9838	 4.2577	 4.6123	 4.5192	 4.6171	 4.0874	 4.4395	 4.1354	 4.2093	 4.6600	 4.6749	 4.4832	 4.3320	 4.2617	 4.1071	 4.4184	 4.3244	 4.5859	 4.1389	 4.2547	 4.5764	 4.5505	 4.0487	 4.2318	 4.2402	 4.5013	 4.0726	 4.3922	 4.7106
ADH1B	 3.6311	 3.7268	 3.6697	 3.9304	 3.7082	 3.7138	 3.6678	 3.8636	 3.7775	 3.8793	 3.7797	 3.8785	 3.6164	 3.6545	 3.7883	 3.7817	 3.7854	 3.9104	 3.6344	 3.7599	 3.6438	 3.5962	 3.7590	 3.7645	 3.8987	 3.8529	 3.6880	 3.8181	 3.6647	 3.6802	 3.7735	 3.6414	 3.9268	 3.6075	 3.7980	 3.7576
ADH1C	 4.3741	 4.1370	 4.5461	 4.4693	 4.5268	 4.6219	 4.3448	 4.8309	 4.6201	 4.3524	 4.6636	 4.4130	 4.3627	 4.4039	 4.4167	 4.6193	 4.7286	 4.3103	 5.2164	 4.1260	 4.0788	 5.0939	 4.2306	 4.9105	 4.7117	 4.0558	 4.1732	 4.4125	 4.6484	 4.3219	 4.5637	 4.7326	 4.2651	 4.5501	 4.3322	 4.5005
ADH4	 4.1993	 4.1617	 4.3194	 4.0813	 4.2428	 4.3167	 4.1854	 4.3575	 4.3784	 4.2923	 4.3365	 4.3055	 4.2550	 4.1367	 4.1783	 4.2458	 4.4243	 4.1409	 4.3533	 4.3633	 4.3302	 4.2938	 4.1640	 4.2939	 4.1570	 4.2797	 4.2000	 4.3613	 4.2610	 4.1128	 4.2160	 4.2983	 4.2962	 4.2314	 4.2679	 4.2358
ADH5	 9.1348	 8.9012	 9.0798	 8.6729	 8.8675	 8.7530	 8.8158	 9.0484	 9.2206	 9.3008	 9.2253	 8.7386	 8.8003	 8.8651	 9.1955	 9.0606	 9.1172	 8.6116	 8.7107	 8.6263	 8.9509	 8.7488	 9.2535	 9.1669	 9.1185	 9.1673	 9.2744	 8.7802	 8.8854	 8.7946	 9.1821	 9.1445	 8.9904	 8.7830	 8.8503	 8.8270
ADH6	 4.6098	 4.6405	 5.0665	 4.6242	 4.5581	 4.7041	 4.6401	 4.7678	 4.6660	 4.7438	 4.8266	 4.5236	 4.5966	 4.8515	 4.6112	 4.8227	 4.8763	 4.6569	 5.0196	 4.7068	 4.6477	 4.6310	 4.8013	 4.4141	 4.9495	 4.6291	 4.6806	 4.7560	 4.7249	 4.6628	 4.7047	 4.5990	 4.8346	 4.7165	 4.7876	 4.6396
ADH7	 4.7617	 5.0752	 5.5027	 5.2656	 5.1795	 5.1208	 5.1064	 5.1719	 5.1410	 5.2398	 5.2430	 5.0271	 5.0297	 4.9973	 5.3218	 5.0981	 5.3832	 5.3658	 4.9070	 4.8988	 5.0620	 4.8782	 5.3629	 5.0370	 5.1998	 5.4033	 5.3141	 5.1429	 5.0654	 4.9845	 5.3222	 5.3107	 5.0316	 5.1254	 5.0876	 4.9798
ADHFE1	 7.2793	 7.6017	 7.4993	 7.3896	 6.8937	 6.7975	 6.8536	 7.2876	 7.2587	 7.0297	 7.0767	 7.0080	 7.0023	 6.8470	 7.3533	 7.2593	 7.3617	 6.8617	 6.8850	 6.4238	 6.6893	 6.4043	 7.5532	 7.3221	 7.9784	 7.6878	 7.5802	 6.9658	 6.9860	 7.0210	 7.1596	 7.5251	 7.1740	 6.8580	 7.1230	 6.9918
ADI1	 9.2567	 8.8606	 8.9104	 8.9595	12.1708	12.2223	12.0482	11.9094	12.0425	11.6067	11.5100	10.3970	10.5031	10.4367	10.9566	10.8693	11.0321	10.7959	10.6184	10.7965	10.8124	10.8162	10.5963	10.6677	10.6063	10.6444	10.6372	10.0737	10.1072	10.1100	11.3685	11.3129	11.2226	10.0636	10.1027	10.1246
ADIG	 6.2535	 6.2289	 6.5407	 6.2962	 6.6261	 6.6624	 6.3619	 6.8109	 6.6435	 6.9961	 6.7878	 6.5065	 6.4481	 6.3707	 6.6876	 6.3848	 6.8388	 6.7424	 6.7134	 6.3290	 6.5904	 6.3541	 6.3921	 6.6775	 6.6866	 6.4397	 6.4688	 6.4972	 6.4142	 6.4321	 6.7406	 6.6503	 6.5021	 6.5058	 6.1705	 6.6672
ADIPOQ	 3.6699	 3.5896	 3.6050	 3.6421	 3.8526	 3.7371	 3.7296	 3.7882	 3.6139	 3.6721	 3.7602	 3.5727	 3.5342	 3.5710	 3.5024	 3.9642	 3.9050	 3.6963	 3.5985	 3.4469	 3.6422	 3.5855	 3.6591	 3.7172	 3.7532	 3.8175	 3.8327	 3.7602	 3.6486	 3.3797	 4.3208	 3.3753	 3.5650	 3.6646	 3.6695	 3.4543
ADIPOR1	10.3109	 9.9893	10.2154	10.0282	10.3626	10.4822	10.2827	 9.9477	10.0682	 9.9698	 9.7185	10.3042	10.1078	10.2699	 9.9422	10.0953	10.0980	10.0627	10.3968	10.2446	10.1067	10.0910	 9.9622	10.1679	 9.9814	10.2231	10.1262	10.1228	10.2027	10.2064	10.1312	10.0473	10.1071	10.0889	10.2271	10.2159
ADIPOR2	 9.0043	 8.9032	 8.9709	 8.8117	11.4663	11.4202	11.6211	10.2567	10.5153	10.4373	10.3701	 9.5798	 9.8413	 9.5246	10.3832	10.1807	10.5873	 9.8806	 9.9263	 9.7163	 9.7296	 9.9068	10.2386	10.1825	10.1828	10.2439	10.1541	 9.5159	 9.4223	 9.5106	10.5521	10.4363	10.6595	 9.4156	 9.5574	 9.4759
ADK	 9.0087	 8.6408	 8.4554	 8.4547	 9.8826	 9.8258	 9.9963	 8.3605	 8.4825	 8.3728	 8.2196	 8.5830	 8.5041	 8.8223	 9.0768	 9.1573	 8.9344	 8.9878	 8.4748	 9.0768	 9.1232	 8.4632	 8.9902	 8.9641	 8.6959	 8.5836	 9.1035	 8.6667	 8.7593	 8.7227	 9.0584	 8.9185	 8.9522	 8.5596	 8.7926	 8.7965
ADM	 8.0965	 8.1202	 8.3372	 8.2397	 6.5779	 6.6623	 6.7391	 7.1961	 7.2060	 6.3445	 6.9846	 6.1208	 5.9701	 6.6918	 8.1543	 8.1130	 8.4313	 6.6113	 6.3225	 6.4136	 6.3310	 6.5551	 8.4155	 7.9527	 8.0318	 7.8275	 8.0078	 7.0756	 7.0439	 6.8329	 7.4302	 7.5709	 7.5278	 6.9199	 7.0787	 6.9537
ADM2	 7.2197	 7.1555	 6.9339	 6.9540	 7.4583	 7.5093	 7.2075	 7.0195	 7.2470	 7.1478	 7.0699	 7.3417	 7.1158	 7.3221	 7.1655	 7.0114	 7.0697	 7.2270	 7.2130	 7.2119	 7.2038	 6.9905	 7.1441	 7.1391	 7.4315	 7.1800	 6.9695	 7.2926	 6.9886	 7.1910	 7.0769	 7.3513	 7.1258	 7.1363	 7.0410	 7.2949
ADNP	10.0637	 9.4021	 9.1333	 8.9788	 9.4812	 9.3704	 9.7056	 9.9235	10.0423	10.0318	 9.7688	 9.6904	 9.8613	 9.7984	 9.3792	 9.5442	 9.4485	 9.6698	 9.4411	 9.6552	 9.7416	 9.6967	 9.6601	 9.6541	 9.5555	 9.4657	 9.6637	 9.6189	 9.5573	 9.6069	 9.7324	 9.8231	 9.3835	 9.6852	 9.5760	 9.5218
ADNP2	 8.8759	 9.3029	 9.3453	 9.1703	 7.9079	 8.0311	 8.0543	 7.8906	 8.1168	 8.0896	 8.0291	 8.6577	 8.6571	 8.5802	 8.2939	 8.4728	 8.4581	 8.5357	 8.6299	 8.6484	 8.7452	 8.7155	 8.5342	 8.4266	 8.3284	 8.2014	 8.4343	 8.7923	 8.8007	 8.8730	 8.2663	 8.2821	 8.1054	 8.8508	 8.7547	 8.8604
ADO	 8.5944	 8.4345	 8.5212	 8.2770	 8.7288	 8.6847	 8.7888	 7.7723	 7.9431	 8.0015	 7.9877	 8.3177	 8.3201	 8.5159	 8.4381	 8.3141	 8.3336	 8.5241	 8.2401	 8.6445	 8.8249	 8.7508	 8.2680	 8.1143	 7.9052	 7.9698	 8.4907	 8.5050	 8.4636	 8.5227	 8.3514	 8.3010	 8.0959	 8.4598	 8.5374	 8.4941
ADORA1	 5.9607	 5.9349	 6.1116	 6.0963	 6.3286	 6.2277	 6.1775	 6.6475	 6.4783	 6.2377	 6.4534	 6.3199	 6.0996	 6.2836	 6.1838	 6.0964	 6.3260	 5.9299	 6.2175	 6.2355	 6.3042	 6.1097	 6.3469	 6.3182	 6.1613	 6.4970	 6.0619	 6.1503	 6.1059	 6.1446	 6.7439	 6.0358	 6.1287	 5.9711	 6.3031	 6.1266
ADSL	 9.4973	 9.5466	 9.4946	 9.3152	10.7504	10.6996	10.7339	 9.4717	 9.5997	 9.6536	 9.7284	 9.9908	10.0701	10.1051	 9.5831	 9.6395	 9.6908	 9.8606	 9.9626	 9.8560	 9.8492	 9.8962	 9.8012	 9.8498	 9.7599	 9.8953	 9.7350	 9.7732	 9.7718	 9.8161	 9.8220	 9.9148	 9.9816	 9.7217	 9.7948	 9.8446
ADSS	 6.4260	 6.1642	 6.2223	 6.1186	 6.5912	 6.3239	 6.5772	 6.0385	 5.9422	 6.0573	 5.9459	 6.2887	 6.2166	 6.1703	 6.2080	 6.2379	 6.1295	 5.9158	 6.1029	 6.0770	 6.2774	 6.0666	 6.3486	 6.3706	 6.2448	 6.2692	 6.4120	 6.1220	 6.1015	 6.2881	 6.1155	 6.1747	 6.4491	 6.2164	 6.3015	 5.9937
ADSSL1	 7.3033	 6.9616	 6.9110	 6.8413	 6.2765	 6.4876	 6.2811	 6.4238	 6.6678	 6.3700	 6.6593	 6.5801	 6.9378	 6.7212	 6.5661	 6.6623	 6.5948	 6.5682	 6.6494	 6.4559	 6.5699	 6.6814	 6.7366	 6.8104	 6.7154	 6.7196	 6.8637	 6.7687	 6.7214	 6.8051	 6.4099	 6.7227	 6.6344	 6.9252	 6.7644	 6.6057
ADTRP	 4.5851	 4.8150	 4.5861	 4.9544	 4.5728	 4.7399	 4.5881	 4.5416	 4.4836	 4.6284	 5.0460	 4.7096	 4.5716	 4.8290	 4.4518	 4.6299	 4.9482	 4.7468	 4.4576	 4.8387	 4.8456	 4.5378	 4.9282	 4.7401	 4.4762	 4.5424	 4.7867	 4.8888	 4.7016	 4.5289	 4.8884	 4.4120	 4.7204	 4.5596	 4.7702	 4.7896
AEBP1	 6.5861	 6.6808	 6.9160	 6.4565	 7.0933	 6.9341	 6.8887	 7.1937	 7.5150	 7.2562	 7.1254	 6.5659	 6.9302	 6.7561	 7.0639	 7.2151	 7.0092	 6.7106	 6.8885	 6.9138	 6.6884	 7.0347	 7.2762	 6.8572	 7.1158	 7.0243	 6.7245	 6.8312	 6.7523	 6.6984	 7.1363	 7.1685	 6.9538	 6.7964	 6.6359	 6.8497
AEBP2	 5.9839	 5.7662	 6.0791	 5.8176	 5.9244	 5.8117	 6.1005	 6.1826	 6.2220	 6.1217	 5.9009	 5.7579	 6.1197	 5.8696	 6.2441	 5.9046	 5.9058	 5.8696	 5.7133	 5.5756	 5.9830	 5.9699	 6.2262	 6.0013	 6.1235	 6.0783	 6.1285	 5.7837	 5.9304	 5.9123	 6.1248	 6.0160	 6.0345	 5.7841	 6.0668	 5.7755
AEN	 8.9262	 8.9658	 9.1518	 8.6484	 8.3551	 8.4508	 8.3107	 8.4934	 8.2305	 8.7810	 8.8168	 8.7868	 8.7470	 8.8831	 8.6317	 8.5563	 8.4628	 8.6790	 8.6981	 8.7148	 8.6438	 8.5972	 8.7646	 8.5794	 8.6772	 8.6545	 8.7707	 8.7190	 8.8082	 8.8333	 8.5075	 8.3142	 8.8855	 8.6958	 8.8715	 8.7932
AES	 8.3639	 8.0359	 8.0983	 7.8883	 8.7498	 8.9217	 8.6050	 7.8747	 8.1570	 8.0994	 8.0670	 8.2774	 8.3136	 8.2861	 8.1132	 8.2595	 8.3162	 8.3511	 8.4342	 8.3490	 8.2349	 8.5398	 8.1479	 8.0039	 8.1050	 8.2534	 8.1909	 8.2442	 8.2708	 8.2781	 8.3843	 8.2177	 8.1709	 8.2913	 8.2771	 8.2247
AFAP1	 4.4199	 4.1768	 4.2218	 4.1215	 3.9746	 3.8801	 3.8671	 4.1973	 4.1802	 4.1157	 3.9066	 4.3254	 4.1678	 4.4206	 3.7994	 4.0742	 4.0683	 4.6493	 4.0310	 4.3666	 4.3440	 4.4956	 4.0682	 4.1000	 3.8692	 3.9151	 3.5872	 4.5589	 4.2271	 4.1491	 4.2832	 4.0694	 3.5681	 4.1964	 4.4634	 4.2753
AFAP1-AS1	 5.6217	 5.5983	 5.8981	 5.8476	 5.8304	 5.9976	 5.6620	 5.6203	 5.6723	 5.7285	 5.6580	 5.9315	 5.6328	 5.6589	 5.8249	 5.5825	 5.8047	 5.6539	 5.9660	 5.6597	 5.7976	 5.5907	 5.7712	 5.4246	 5.9922	 5.8231	 5.7129	 5.6165	 5.7203	 5.8774	 5.7885	 5.7031	 5.7295	 5.8393	 5.7564	 5.6185
AFAP1L1	 4.7679	 4.9013	 4.6468	 4.8005	 5.2007	 5.3070	 5.0482	 4.9984	 4.8894	 5.0895	 4.8439	 4.9838	 4.9864	 4.6897	 4.7831	 4.9178	 5.2589	 4.9235	 4.9840	 5.0462	 4.9144	 4.8320	 4.8030	 4.8600	 4.9545	 5.1135	 4.9351	 5.0169	 4.7414	 4.8608	 4.8548	 5.0893	 5.0564	 5.0458	 4.8495	 4.7238
AFAP1L2	 5.4101	 5.9142	 6.1409	 6.6429	 5.7344	 5.6811	 5.8295	 5.6715	 5.5446	 5.6964	 6.1176	 5.3310	 5.0553	 4.9668	 6.5376	 6.3700	 6.0769	 4.1845	 5.1771	 4.6802	 4.6457	 4.8024	 6.7569	 6.9078	 6.4295	 6.7997	 6.8453	 5.2443	 5.2156	 5.2779	 6.1681	 6.0999	 6.3318	 5.5768	 4.9700	 5.1910
AFF1	 6.6737	 6.4718	 6.2921	 6.4554	 6.0570	 6.2258	 6.2066	 6.5718	 6.6199	 6.6408	 6.7125	 6.5883	 6.4574	 6.4692	 6.4742	 6.4332	 6.3164	 6.3363	 6.5119	 6.5556	 6.6041	 6.4368	 6.5870	 6.5261	 6.4233	 6.3508	 6.2326	 6.4091	 6.5768	 6.4773	 6.5391	 6.5576	 6.1789	 6.3633	 6.6465	 6.4534
AFF2	 5.1989	 5.4989	 5.3978	 5.3761	 5.2807	 5.1632	 5.3628	 5.5099	 5.3593	 5.4518	 5.6008	 5.3783	 5.3081	 5.1788	 5.2762	 5.3412	 5.7701	 5.1602	 5.6286	 5.4091	 5.2461	 5.4439	 5.4347	 5.4731	 5.3177	 5.3649	 5.2764	 5.3960	 5.4655	 5.1946	 5.4650	 5.3240	 5.4076	 5.3507	 5.2271	 5.4784
AFF3	 4.9172	 4.8787	 4.8803	 4.9289	 4.8520	 4.9551	 4.7955	 5.6391	 5.7257	 6.1015	 6.0479	 5.6247	 5.4300	 5.5743	 4.9732	 4.8524	 5.0556	 5.2776	 5.6581	 5.3349	 5.3378	 5.3664	 5.0080	 5.2577	 5.0652	 5.2518	 4.9598	 5.2918	 5.2055	 5.3049	 5.2245	 5.3615	 5.1221	 5.3255	 5.2336	 5.2432
AFF4	 6.9160	 6.7946	 6.6853	 6.2255	 5.8978	 5.8943	 5.9084	 5.7579	 5.7446	 5.8930	 5.8598	 6.3806	 6.1010	 6.5665	 6.1153	 6.1058	 5.8398	 5.9429	 6.0091	 5.9616	 6.2470	 6.2118	 6.3519	 6.4105	 6.1724	 6.1640	 6.3772	 6.1911	 6.3321	 6.4872	 5.9982	 5.9488	 6.1515	 6.2504	 6.3548	 6.4053
AFG3L1P	 7.0650	 7.0399	 6.6571	 6.6164	 7.1352	 7.0761	 7.1442	 6.8348	 7.1872	 7.0158	 7.0115	 7.0327	 6.8815	 7.0551	 6.9799	 7.1671	 6.8405	 7.1562	 7.2070	 7.2306	 7.2611	 7.2615	 6.7806	 6.7979	 6.8005	 6.5746	 6.8580	 6.9676	 7.0447	 7.1037	 6.9766	 6.8165	 7.0477	 7.0278	 7.0908	 6.9975
AFG3L2	 9.4242	 9.2309	 9.2001	 8.8011	10.0752	10.0141	10.1786	 9.7460	 9.8704	 9.8448	 9.8770	 9.4823	 9.6211	 9.6445	 9.5694	 9.6534	 9.6447	 9.4653	 9.2842	 9.5009	 9.5144	 9.5254	 9.7323	 9.8045	 9.7945	 9.6462	 9.7578	 9.3851	 9.3776	 9.4109	 9.8398	 9.8999	 9.7021	 9.4362	 9.4021	 9.3353
AFM	 4.5180	 4.2890	 4.1588	 4.2103	 4.6123	 4.9033	 4.6575	 4.4229	 4.2874	 4.4650	 4.4512	 4.3205	 4.3107	 4.4572	 4.5188	 4.4280	 4.5337	 4.6198	 4.3764	 4.4522	 4.4118	 3.9494	 4.2970	 4.5610	 4.6473	 4.8093	 4.1575	 4.5322	 4.2739	 4.2124	 4.4371	 4.5430	 4.5704	 4.4821	 4.1751	 4.3613
AFMID	 6.1417	 6.1883	 6.2257	 6.0813	 6.0001	 6.0193	 5.8910	 6.2557	 6.1345	 5.8349	 6.0536	 6.1357	 6.1454	 5.9706	 6.0758	 5.8638	 6.3264	 6.1203	 6.0286	 6.2025	 6.0164	 6.2709	 6.1827	 5.9250	 6.0555	 5.9805	 6.0804	 6.0439	 6.1233	 6.2148	 5.8849	 6.1735	 6.0774	 6.1867	 6.0396	 6.1557
AFP	 5.3663	 4.9706	 5.2712	 4.8332	 5.2972	 5.5200	 5.4940	 5.4709	 5.3663	 5.3985	 5.5296	 5.1817	 5.2214	 5.1047	 4.8169	 5.8408	 5.6580	 5.5086	 5.2684	 5.5087	 5.1928	 5.5211	 5.1002	 4.9707	 5.5304	 5.4313	 5.0069	 5.2994	 5.1356	 5.3021	 5.4274	 5.3819	 5.2770	 5.1716	 5.3602	 5.2054
AFTPH	 9.5808	 9.4213	 9.2751	 9.2437	 8.8025	 8.7293	 8.7650	 8.9196	 8.9379	 8.7151	 8.5477	 9.1604	 9.2307	 9.1911	 8.8861	 8.8088	 8.7218	 8.7900	 8.3353	 8.5187	 8.7363	 8.7537	 9.5238	 9.4112	 9.4235	 9.2216	 9.2839	 8.9437	 9.0788	 9.0367	 8.9484	 9.1980	 8.7931	 9.0078	 9.0361	 9.0154
AGTR2	 4.4556	 4.2976	 4.5878	 4.3222	 4.3866	 4.4764	 4.3818	 4.3593	 4.2304	 4.2313	 4.4287	 4.2467	 4.3267	 4.3827	 4.5006	 4.3694	 4.5120	 4.2375	 4.8336	 4.5767	 4.3228	 4.6019	 4.3884	 4.1829	 4.5283	 4.2766	 3.9482	 4.6268	 4.3890	 4.2822	 4.2223	 4.2985	 4.5194	 4.2905	 4.5966	 4.4108
AGTRAP	 7.4066	 7.1808	 7.0212	 7.0073	 7.4557	 7.5062	 7.3295	 7.1215	 7.1054	 7.2010	 7.1198	 7.1725	 7.2780	 7.1528	 7.1777	 7.0900	 7.4169	 7.3057	 7.2364	 7.1582	 7.0206	 7.2596	 7.1832	 7.1649	 7.2565	 7.3403	 7.2212	 7.1777	 7.2202	 7.1521	 7.3291	 7.1589	 7.2500	 7.2454	 7.1959	 7.1087
AGXT	 4.9800	 4.8620	 5.0662	 4.9569	 5.1148	 5.2649	 5.1011	 5.2020	 5.2106	 5.0261	 5.1210	 5.1804	 5.1681	 4.9825	 4.8874	 5.0811	 5.1917	 5.0670	 5.1370	 5.0017	 5.3194	 5.2413	 4.7935	 5.1150	 4.8740	 5.3054	 4.9643	 5.1336	 5.0065	 5.1004	 5.3591	 5.0881	 4.8034	 5.0843	 5.1214	 5.0349
AGXT2	 4.5873	 4.7936	 5.5101	 5.1693	 5.1420	 5.5238	 4.9574	 5.1420	 5.1357	 5.3687	 5.3606	 4.9905	 4.7711	 4.9745	 4.9856	 5.3230	 5.7984	 5.4904	 5.2972	 5.0202	 5.2129	 5.2902	 5.2556	 4.9684	 5.0244	 4.8812	 4.9646	 5.0006	 5.2224	 5.0539	 5.1610	 5.3683	 5.0369	 5.3638	 4.9993	 4.9137
AGXT2L1	 3.7555	 3.6564	 3.5241	 3.7294	 3.8332	 3.9999	 3.5944	 3.8033	 3.7033	 3.7219	 4.1469	 3.6802	 3.7468	 3.5924	 3.6082	 3.7716	 4.1672	 3.4744	 3.9790	 3.8758	 3.6574	 4.0752	 3.6261	 3.8164	 3.5293	 4.0978	 3.4793	 4.0802	 3.5829	 3.5235	 3.5207	 3.8490	 4.0100	 3.7974	 3.8489	 3.5404
AGXT2L2	 7.3804	 7.3167	 7.0208	 6.9634	 6.7677	 6.8711	 6.8127	 7.0985	 7.1484	 6.8619	 6.8169	 7.0327	 7.1673	 6.8442	 6.9833	 7.0166	 6.8910	 6.6162	 6.8553	 6.5743	 6.7884	 6.5997	 7.3726	 7.3448	 7.3583	 7.1579	 7.2242	 6.8722	 6.9696	 6.9480	 7.1000	 7.0450	 7.0002	 6.8738	 6.9995	 6.9166
AHCTF1	 7.8717	 7.5885	 7.2668	 6.9838	 7.1262	 6.9838	 7.0999	 6.6174	 6.8235	 7.2030	 7.0600	 7.1648	 6.9196	 7.5983	 7.4042	 7.2717	 6.8075	 7.4852	 7.2716	 7.3708	 7.4758	 7.3892	 7.2555	 6.9333	 6.8586	 6.8020	 7.1017	 7.3031	 7.4642	 7.3292	 6.9802	 7.1516	 6.9378	 7.3751	 7.3274	 7.3939
AHCY	 9.4711	 9.6511	 9.3493	 9.4249	10.8691	10.9475	10.6926	10.5699	10.8280	10.7692	10.7511	10.4513	10.6437	10.4069	 9.8378	10.0259	10.0396	10.0368	10.0746	10.2243	 9.9539	10.1316	10.1870	10.4487	10.3531	10.4576	10.4744	 9.9971	 9.9885	 9.9693	10.4609	10.5837	10.4057	 9.9356	 9.9947	10.0245
AHCYL1	 9.2787	 9.0342	 8.9637	 8.7477	 8.6767	 8.6416	 8.6480	 8.1794	 8.1730	 8.2300	 8.1024	 8.6364	 8.6397	 8.4653	 8.6608	 8.8000	 8.6266	 8.7290	 8.6241	 8.6441	 8.6341	 8.6366	 8.6113	 8.6355	 8.5808	 8.5478	 8.7379	 8.7795	 8.7138	 8.7651	 8.4955	 8.6539	 8.4210	 8.7405	 8.7050	 8.8128
AHCYL2	 7.5451	 7.2980	 7.1402	 7.3242	 7.6187	 7.6166	 7.6467	 6.7790	 6.6766	 6.9735	 6.8225	 7.4808	 7.0843	 7.4035	 7.2312	 7.1487	 6.9696	 6.9088	 7.2068	 7.1090	 6.9828	 7.0547	 7.0099	 7.4024	 7.3827	 7.5261	 7.6136	 7.1534	 7.2418	 7.2393	 7.2849	 7.3613	 7.0374	 7.1326	 7.2650	 7.2368
AHDC1	 5.8536	 6.0408	 5.8917	 5.7747	 6.1233	 6.0073	 5.8573	 5.9606	 5.8911	 6.0263	 6.0274	 5.9561	 5.9846	 5.9238	 5.9119	 5.9347	 5.9798	 5.9551	 6.0813	 5.9651	 6.0268	 5.8459	 6.0110	 6.0090	 5.8423	 5.8725	 5.8758	 5.9448	 5.9096	 5.9704	 6.0235	 5.7599	 6.0827	 5.9697	 5.7947	 6.0605
AHI1	 5.8279	 5.6672	 5.4871	 5.5925	 5.1429	 4.9771	 5.2145	 5.3399	 5.3915	 5.2690	 5.2911	 5.6702	 5.5960	 5.4830	 5.3515	 5.2944	 5.2243	 5.6462	 5.7578	 5.6170	 5.7038	 5.5964	 5.2425	 5.2427	 5.3565	 5.1105	 5.0922	 5.6986	 5.6425	 5.5702	 5.3130	 5.2155	 5.1796	 5.6895	 5.5737	 5.6481
AHNAK	 7.8345	 7.1465	 7.7748	 7.3861	 7.1684	 7.2503	 6.9374	 6.6327	 6.6433	 6.5796	 6.5653	 6.9982	 6.7861	 6.9136	 7.4216	 7.4596	 7.0341	 7.0608	 7.1500	 6.8925	 6.9747	 7.1295	 7.1972	 7.0843	 7.2220	 7.2096	 7.1014	 7.1837	 7.1550	 7.1730	 6.9742	 7.0866	 7.0406	 7.1056	 7.1565	 7.2496
AHNAK2	 5.3787	 5.8491	 5.7344	 5.7468	 5.9859	 5.9219	 6.0639	 6.6119	 6.5471	 6.3201	 6.2289	 5.5955	 5.5558	 5.4132	 6.6836	 6.4271	 6.0895	 5.8643	 5.7356	 5.8912	 5.7759	 5.7092	 6.1304	 6.2327	 5.9900	 6.2654	 6.0132	 5.8296	 5.4973	 5.7355	 6.1713	 6.0733	 6.4577	 6.0189	 5.4574	 5.5862
AHR	 7.6737	 7.5414	 7.7417	 7.9417	 6.1693	 6.2445	 6.4693	 8.7335	 9.3123	 8.6352	 8.0371	 8.1290	 8.0292	 8.4709	 7.2758	 7.4820	 7.2387	 8.3757	 8.0250	 8.4352	 8.3568	 8.4528	 7.0240	 7.3427	 7.1881	 7.2642	 7.2448	 8.0235	 7.9793	 8.2905	 7.3701	 7.7033	 7.2589	 7.9749	 8.1033	 8.2151
AHRR	 7.2102	 6.9253	 7.0071	 7.0946	 5.3460	 5.1646	 5.4363	 5.5753	 5.6624	 5.7479	 5.7385	 6.4789	 6.7927	 6.6859	 5.9312	 5.7447	 5.5093	 6.3325	 6.3973	 6.0980	 5.7736	 6.2362	 6.2797	 6.6202	 6.3545	 5.9227	 5.8899	 6.6271	 6.7145	 6.4164	 5.7605	 5.4920	 6.1321	 6.5004	 6.6560	 6.6017
AHSA1	10.5614	10.4522	10.7168	10.2243	11.5788	11.4562	11.4285	10.6395	10.8082	11.1001	11.1767	10.9722	10.9307	10.9990	10.6540	10.8075	11.0264	10.9701	10.9758	11.0247	10.8794	11.0267	10.8082	10.8570	10.7833	10.8851	10.7726	10.8013	10.7585	10.8736	11.0727	10.9628	10.9209	10.8376	10.8782	10.7175
AHSA2	 7.1732	 7.0016	 6.8930	 6.7086	 5.5896	 5.3076	 5.6505	 6.7971	 6.9216	 6.4022	 6.4222	 6.6917	 6.6652	 6.1549	 6.7310	 6.7396	 5.9488	 6.5596	 6.4121	 6.5992	 6.6568	 6.3728	 6.5306	 6.5661	 6.3573	 6.3522	 6.4788	 6.3933	 6.8259	 6.7530	 6.4120	 6.3134	 6.2336	 6.5192	 6.7254	 6.7276
AHSG	 5.4685	 5.4581	 5.4244	 5.6164	 5.5083	 5.5538	 5.4249	 5.8177	 5.6760	 5.5059	 5.7817	 5.6020	 5.5621	 5.4642	 5.4854	 5.5360	 5.6911	 5.3785	 5.7161	 5.4126	 5.5622	 5.5734	 5.5353	 5.3009	 5.5676	 5.7729	 5.7486	 5.5411	 5.5217	 5.4969	 5.4792	 5.5833	 5.7187	 5.6322	 5.2892	 5.6382
AHSP	 6.0703	 5.9382	 6.4805	 6.2216	 6.0735	 6.0985	 6.2502	 6.3282	 6.4802	 6.2336	 6.1747	 6.2827	 6.3319	 5.9992	 6.0815	 6.3096	 6.3020	 5.8530	 6.5169	 6.5278	 5.9887	 6.5881	 6.1736	 6.1883	 6.2252	 5.9366	 6.1799	 6.3046	 6.4895	 5.9056	 6.1152	 6.2159	 6.2760	 6.2893	 6.2990	 6.1114
AICDA	 4.1460	 3.9938	 3.9488	 4.1545	 4.1668	 4.1031	 4.0823	 4.0131	 3.7984	 3.8586	 3.9240	 3.9949	 4.0736	 3.9715	 3.9931	 3.9007	 4.1313	 3.9941	 3.9907	 4.0311	 4.0463	 3.5035	 3.9819	 4.1618	 3.9994	 4.4110	 3.9887	 3.9048	 4.1832	 3.8743	 3.5452	 4.1748	 4.3829	 4.0340	 3.9957	 3.9325
AIDA	 9.0151	 8.9657	 9.1312	 8.9770	 9.2212	 9.0863	 9.3131	 8.7611	 9.0053	 8.9205	 8.5988	 8.6752	 8.6662	 8.8540	 9.2046	 9.2652	 9.2732	 9.1375	 8.8676	 8.9208	 9.1105	 9.1223	 8.9593	 9.0309	 8.9949	 8.6924	 9.0611	 8.9185	 9.0047	 8.9374	 8.9965	 9.1381	 8.9430	 8.9344	 8.9431	 8.9832
AIF1	 6.2504	 6.3525	 6.2145	 6.3333	 6.3997	 6.3743	 6.0555	 6.0843	 6.0047	 5.9778	 6.2049	 6.1354	 6.1543	 6.0348	 6.3386	 6.2127	 6.3517	 6.1392	 6.2894	 6.1539	 6.1921	 6.1991	 6.2014	 6.2245	 6.2805	 6.3305	 6.0353	 6.1770	 6.2919	 6.1433	 6.2783	 6.1565	 6.1804	 6.2113	 6.1771	 6.2238
AIF1L	 7.7395	 7.7628	 7.7821	 7.5467	 8.7138	 8.7703	 8.5699	 8.8244	 8.9807	 8.9941	 8.8558	 8.6689	 8.8196	 8.4281	 8.1930	 8.1228	 8.2056	 8.7374	 8.7839	 8.8345	 8.7348	 8.7564	 8.1031	 8.1555	 7.9267	 7.9680	 8.0630	 8.3895	 8.3796	 8.3795	 8.4249	 8.4712	 8.3932	 8.4149	 8.3883	 8.3455
AIFM1	 8.9931	 9.0185	 9.0147	 9.0124	10.1659	10.0780	 9.9395	 9.5594	 9.7215	 9.7430	 9.6797	 9.6761	 9.8759	 9.7294	 9.2926	 9.2023	 9.3455	 9.7401	 9.4578	 9.6693	 9.6747	 9.5712	 9.4747	 9.3816	 9.5049	 9.3269	 9.4017	 9.5210	 9.3594	 9.4780	 9.7013	 9.4855	 9.5766	 9.4292	 9.5159	 9.4132
AIFM2	 7.6044	 7.4331	 7.4960	 7.2194	 7.4323	 7.6329	 7.3929	 7.4535	 7.5468	 7.8284	 7.7649	 7.8320	 7.7759	 7.9385	 7.1908	 7.0104	 7.3887	 7.4465	 7.3144	 7.4191	 7.3200	 7.2543	 7.7498	 7.5783	 7.7560	 7.7051	 7.6836	 7.4879	 7.4498	 7.5757	 7.6312	 7.5744	 7.4173	 7.5275	 7.4978	 7.4881
AIFM3	 6.3068	 6.1627	 5.9765	 5.8540	 6.5771	 6.3857	 6.3210	 6.6914	 6.8009	 6.2584	 6.2061	 6.2842	 6.1334	 6.2009	 6.3248	 6.4825	 6.3895	 6.4779	 6.2369	 6.4159	 6.4425	 6.2892	 6.1686	 6.5435	 5.9315	 6.1192	 6.4002	 6.1881	 6.1868	 6.3203	 6.2752	 6.2873	 6.5576	 6.2060	 6.3007	 6.1885
AIG1	 6.5731	 5.9297	 5.8644	 5.7837	 6.3276	 6.3350	 6.3533	 6.8381	 6.9789	 6.5840	 6.4552	 6.3902	 6.2747	 6.3211	 6.1669	 6.5231	 6.2486	 6.0831	 6.2469	 6.0432	 6.2490	 6.1118	 6.5546	 6.5954	 6.1797	 6.6719	 6.4719	 6.0268	 6.2882	 6.1526	 6.5339	 6.3757	 6.5473	 6.0334	 6.2881	 6.1462
AIM1	 8.7000	 8.3165	 8.4615	 8.3359	 8.6803	 8.5721	 8.7618	 8.7679	 8.8947	 8.2685	 7.9191	 8.2501	 8.5314	 8.4087	 8.5237	 8.7525	 8.2874	 8.1614	 7.8827	 7.8700	 7.9890	 8.0813	 8.9277	 8.9846	 8.9522	 8.9362	 8.8045	 8.2598	 8.1586	 8.3287	 8.6711	 8.7056	 8.6300	 8.2510	 8.2354	 8.2607
AIM1L	 6.5312	 6.5044	 6.5077	 6.4663	 6.4591	 6.5366	 6.3556	 6.4384	 6.5061	 6.3830	 6.2887	 6.3251	 6.4729	 6.4865	 6.4351	 6.5096	 6.4404	 6.3816	 6.2394	 6.2942	 6.4570	 6.3416	 6.4360	 6.4468	 6.5994	 6.9114	 6.3418	 6.4437	 6.3544	 6.4539	 6.6425	 6.4451	 6.3301	 6.5193	 6.4486	 6.2841
AIM2	 4.9096	 4.9542	 4.6614	 5.7825	 4.9524	 5.1037	 5.0523	 4.9882	 4.8002	 4.6552	 5.0214	 5.0747	 4.7833	 4.9349	 5.1025	 4.8831	 5.1666	 5.1471	 4.8527	 5.1094	 4.9381	 4.8150	 4.9071	 5.0661	 5.0002	 5.3632	 4.7096	 4.7551	 4.8493	 5.3864	 4.9854	 5.2059	 4.7631	 4.9386	 5.0148	 5.0374
AIMP1	 8.8174	 8.7809	 8.8324	 8.6231	 8.2133	 7.8871	 8.1155	 8.2554	 8.4075	 8.4568	 8.2963	 8.6315	 8.5333	 8.8086	 8.4028	 8.2656	 8.1897	 8.6858	 8.2601	 8.5879	 8.6740	 8.4500	 8.5105	 8.5946	 8.1651	 8.1575	 8.6337	 8.6437	 8.6327	 8.6448	 8.1778	 8.5186	 8.2139	 8.6783	 8.6178	 8.6252
AIMP2	 9.2016	 9.0582	 8.9362	 8.7930	10.1654	10.2419	10.2922	 9.1227	 9.1236	 9.4259	 9.3884	 9.3923	 9.5323	 9.5220	 9.2464	 9.2657	 9.5228	 9.5192	 9.6506	 9.4702	 9.4402	 9.6471	 9.3303	 9.2229	 9.2821	 9.3887	 9.1844	 9.3417	 9.2695	 9.4296	 9.5402	 9.3783	 9.5221	 9.3148	 9.4153	 9.3105
AIP	 9.4816	 9.2118	 9.4234	 9.2331	 8.9777	 8.9993	 8.7816	 8.6379	 8.8824	 8.7024	 8.5799	 9.1017	 9.0806	 9.1320	 8.9135	 8.7733	 9.0474	 8.9059	 8.7653	 8.8770	 8.7468	 8.8482	 9.2238	 9.1357	 9.1328	 9.2290	 9.2163	 9.1129	 8.9863	 9.1027	 9.0537	 8.9113	 8.8817	 9.1187	 9.1098	 8.9733
AIPL1	 5.4251	 5.5937	 5.1429	 5.6913	 5.6517	 5.5200	 5.4719	 5.9631	 5.7624	 5.7825	 5.8619	 5.5289	 5.8173	 5.7489	 5.4001	 5.5667	 5.6820	 5.4874	 5.8077	 5.8864	 5.7185	 5.6303	 5.3901	 5.7627	 5.5151	 5.5633	 5.4784	 5.4990	 5.7015	 5.6691	 5.6582	 5.4931	 5.7231	 5.6351	 5.5523	 5.6822
AIRE	 6.6923	 6.2168	 6.5172	 6.3464	 6.5282	 6.4301	 6.3331	 6.3680	 6.3304	 6.1035	 6.3411	 6.1637	 6.2491	 6.4440	 6.4016	 6.3991	 6.6164	 6.2966	 6.1809	 6.5773	 6.4209	 6.2905	 6.2565	 6.4531	 6.5022	 6.4745	 6.3374	 6.7061	 6.1451	 6.2477	 6.3028	 6.6174	 6.2548	 6.4563	 6.2471	 6.3955
AJAP1	 4.9762	 4.5512	 4.7044	 4.7962	 4.8411	 4.8158	 4.8584	 4.7277	 4.6941	 4.8171	 4.9268	 4.7235	 4.6733	 4.6325	 4.9081	 4.7117	 5.0282	 4.7338	 4.8962	 4.7034	 4.6602	 4.7673	 4.9516	 4.8608	 4.9313	 4.7120	 4.5787	 4.8385	 4.8091	 4.5569	 4.7959	 4.8517	 4.8250	 4.8884	 4.8230	 4.4931
AJUBA	 7.3793	 7.5134	 7.3379	 7.2945	 7.4432	 7.3921	 7.4261	 6.9339	 7.1118	 6.9809	 6.8387	 7.0956	 6.9210	 7.2092	 7.4137	 7.4208	 7.2622	 6.9930	 6.8523	 7.0425	 6.9788	 7.1191	 7.2460	 7.4618	 7.5767	 7.4890	 7.4452	 7.0698	 7.0732	 7.2911	 7.0047	 7.5622	 7.3215	 7.1585	 7.2237	 7.0519
AKT2	 6.9555	 6.7814	 6.6761	 6.4427	 6.9753	 6.9919	 6.3868	 6.4058	 6.4484	 6.4842	 6.6505	 6.8527	 6.6950	 6.7527	 6.6219	 6.6088	 6.5372	 6.7134	 6.8193	 6.7938	 6.8310	 6.8624	 6.5825	 6.4152	 6.5176	 6.6798	 6.5654	 6.9117	 6.7813	 6.6010	 6.5370	 6.5944	 6.6428	 6.8418	 6.7367	 6.7155
AKT3	 4.5457	 4.7515	 4.7965	 4.7704	 4.6955	 4.6591	 4.6850	 4.6598	 4.5756	 4.6284	 4.7209	 4.5801	 4.4845	 4.4544	 4.9338	 4.7353	 4.8548	 4.7071	 4.6988	 4.7593	 4.6762	 4.5573	 4.7065	 4.6374	 4.7982	 4.6411	 4.5564	 4.6812	 4.6270	 4.6372	 4.7162	 4.7186	 4.6627	 4.6030	 4.7310	 4.6115
AKTIP	 9.1687	 8.7956	 8.8400	 8.5365	 9.0313	 8.9604	 9.0034	 9.3281	 9.4813	 9.3076	 8.9012	 8.9262	 8.7293	 9.0555	 9.2001	 9.0708	 9.0075	 8.9277	 8.7999	 8.9025	 8.8408	 8.9617	 9.1395	 9.1442	 9.1866	 8.9566	 9.1228	 8.8167	 8.8400	 8.9644	 8.9576	 9.3892	 9.0214	 8.8303	 8.9163	 8.8745
ALAD	 8.3869	 8.2132	 8.5970	 8.2504	 7.8202	 7.9181	 7.8094	 7.6570	 8.0410	 7.8505	 7.6733	 7.3022	 7.4716	 7.4155	 8.6849	 8.6808	 8.4935	 7.9251	 7.9716	 8.0083	 7.9989	 8.0447	 8.0132	 7.9724	 8.1027	 8.0443	 7.9997	 7.9396	 7.9051	 8.0516	 8.0588	 7.9863	 8.1072	 7.9979	 7.9358	 7.9626
ALAS1	 8.6144	 8.4487	 8.3720	 8.3288	 8.9993	 8.9569	 8.9886	 7.8516	 7.9822	 8.0765	 8.0484	 8.4683	 8.3453	 8.4774	 8.3214	 8.4747	 8.4524	 8.2919	 8.5448	 8.3025	 8.3900	 8.4498	 8.3740	 8.4281	 8.4101	 8.5543	 8.4873	 8.4073	 8.2923	 8.5589	 8.7515	 8.4689	 8.0608	 8.3216	 8.5271	 8.4099
ALAS2	 5.3666	 5.2276	 5.1397	 5.4411	 5.3877	 5.4999	 5.3543	 5.2198	 5.1620	 5.2729	 5.3089	 5.0879	 5.5338	 5.2589	 5.2545	 5.2840	 5.4249	 5.6279	 5.6035	 4.9880	 5.0913	 5.3225	 5.1693	 5.2170	 5.5541	 5.2072	 5.2925	 5.1601	 5.2270	 5.5351	 5.2289	 5.3793	 5.3136	 5.1902	 5.5574	 5.1745
ALB	 3.4457	 3.5605	 3.6599	 3.5350	 3.6221	 3.7396	 3.6422	 3.8371	 3.8139	 3.8669	 3.6609	 3.5412	 3.8244	 3.4736	 3.7721	 3.6552	 3.6802	 3.5447	 3.6164	 3.6773	 3.4702	 3.9520	 3.6660	 3.7139	 3.7901	 3.5151	 3.6322	 3.5665	 3.6135	 3.6453	 3.8320	 3.5898	 3.6997	 3.6107	 3.6149	 3.5997
ALCAM	 7.9997	 7.7601	 7.2590	 7.3181	 7.8800	 7.7796	 7.6475	 7.0088	 6.9438	 7.1236	 7.1048	 7.0439	 7.2573	 7.0612	 7.6169	 7.8511	 7.3100	 6.5257	 6.5639	 6.6031	 6.6327	 6.6533	 8.0686	 8.2244	 8.2803	 7.7930	 8.2225	 6.9966	 7.0392	 7.1337	 7.7323	 7.7143	 7.5244	 7.1364	 6.9900	 7.0432
ALDH16A1	 6.7632	 6.7267	 6.7119	 6.4870	 8.7025	 8.8814	 8.7034	 8.3424	 8.3902	 8.0998	 8.1280	 7.9699	 7.7271	 7.6317	 7.5883	 7.8089	 7.5422	 7.6942	 7.5547	 7.5617	 7.6915	 7.5704	 7.6530	 7.7045	 7.7831	 8.0445	 7.8559	 7.4685	 7.2534	 7.3005	 8.1456	 7.9029	 8.1971	 7.2825	 7.3599	 7.3801
ALDH18A1	 9.8054	 9.3385	 9.4863	 9.1085	 9.3959	 9.5660	 9.4911	 8.6611	 8.8407	 8.7831	 8.8343	 9.2058	 9.2292	 9.2557	 9.3219	 9.1835	 9.3237	 9.5684	 9.6007	 9.4240	 9.4085	 9.5102	 9.1231	 8.9364	 8.9597	 9.0351	 8.9669	 9.3954	 9.3629	 9.4770	 9.0784	 9.1800	 9.0260	 9.3738	 9.4182	 9.4433
ALDH1A1	 3.4162	 3.6289	 3.6083	 3.5039	 3.6632	 3.6191	 3.5619	 4.2643	 3.7481	 3.8308	 4.0053	 3.6259	 3.6971	 4.0650	 3.5472	 3.6910	 3.5632	 3.7417	 3.5192	 3.8417	 3.5131	 3.5399	 3.9218	 3.6521	 3.8893	 3.4343	 3.9291	 3.6501	 3.4244	 3.8507	 4.0128	 3.5121	 3.7393	 3.4776	 3.5308	 3.9167
ALDH1A2	 5.6051	 5.7137	 5.8201	 6.0448	 5.8219	 6.0179	 5.6667	 5.8813	 5.6458	 5.7260	 5.8761	 5.5890	 5.7447	 5.6670	 5.8790	 5.7450	 6.0756	 5.8526	 5.7354	 5.7010	 5.6468	 5.4727	 5.8336	 5.8004	 5.8846	 6.0037	 5.9033	 5.7025	 5.7437	 5.7020	 5.8714	 5.6560	 6.0247	 5.6175	 5.8209	 5.7097
ALDH1A3	 7.2061	 6.9766	 7.4595	 7.6992	 6.5692	 7.0749	 6.7443	 6.9659	 6.7236	 6.5981	 6.3382	 5.7947	 6.4877	 6.0009	 7.7843	 7.3556	 7.9628	 6.9146	 6.6807	 6.5322	 6.7180	 6.3766	 6.8655	 7.0129	 7.3646	 7.2684	 7.2431	 6.7087	 6.9052	 6.5978	 7.0143	 7.1188	 7.0412	 6.5923	 6.9643	 6.6551
ALDH1B1	 6.8222	 6.9702	 6.9607	 6.7373	 8.2105	 8.2140	 7.9982	 7.1625	 7.1796	 7.5243	 7.4189	 7.1641	 7.2203	 7.5458	 7.3080	 7.2583	 7.6019	 7.6227	 7.5829	 7.4418	 7.3157	 7.4081	 7.1886	 7.1501	 7.1723	 7.2774	 7.3379	 7.2324	 7.1225	 7.3430	 7.5346	 7.4191	 7.4468	 7.2467	 7.2905	 7.1607
ALDH1L1	 6.6227	 6.4513	 6.3996	 6.5888	 6.6542	 6.6944	 6.6616	 6.4349	 6.3822	 6.2902	 6.4707	 6.2772	 6.4529	 6.6011	 6.5253	 6.5708	 6.5820	 6.2483	 6.6118	 6.4163	 6.4180	 6.3968	 6.6939	 6.5503	 6.5323	 6.6234	 6.5246	 6.5966	 6.4411	 6.3335	 6.0631	 6.6766	 6.8984	 6.5167	 6.5817	 6.2728
ALDH1L1-AS2	 6.0732	 6.0575	 5.9901	 5.8679	 6.1469	 6.0812	 6.1299	 6.5140	 6.0681	 6.1272	 6.3134	 6.0543	 6.2427	 6.2456	 6.0443	 5.9733	 6.1459	 6.3329	 6.2225	 5.9347	 5.8805	 6.2108	 6.3110	 6.0533	 5.9841	 6.2464	 6.0008	 6.1101	 6.0582	 6.1099	 6.0444	 6.1570	 6.2266	 5.9481	 5.9319	 6.3982
ALDH1L2	 3.9616	 4.0748	 4.0358	 4.0951	 4.8999	 5.0693	 4.8982	 4.3404	 4.1820	 4.2061	 4.3886	 4.8415	 4.5824	 4.5870	 3.8803	 4.0919	 4.2156	 4.4992	 4.6333	 4.3424	 4.2243	 4.0379	 4.1572	 4.4458	 4.3876	 4.4009	 4.5361	 4.6180	 4.1586	 4.2022	 4.4316	 4.2881	 4.5002	 4.3499	 4.2706	 4.3582
ALDH2	 8.0612	 8.3038	 7.8488	 8.0454	 6.5134	 6.2864	 6.4905	 6.4570	 6.3241	 6.2043	 6.5315	 7.1663	 7.1848	 6.5860	 7.1328	 7.2478	 7.1687	 6.4130	 7.3361	 7.3022	 7.0822	 6.9437	 6.9378	 7.1416	 7.2192	 7.1872	 7.2476	 7.1867	 7.4506	 7.4311	 6.9029	 6.7193	 6.7957	 7.3203	 7.4053	 7.3428
ALDH3A1	 6.2205	 6.3631	 6.3195	 6.3294	 6.5527	 6.4997	 6.5426	 6.7877	 6.9308	 6.5308	 6.6837	 5.4288	 5.5539	 5.9374	 7.6400	 7.0302	 6.7915	 5.7802	 5.9993	 5.6526	 5.9443	 5.6586	 6.9773	 6.9617	 6.9234	 6.8498	 7.2222	 6.0509	 5.8777	 5.8683	 6.8110	 6.8029	 6.9709	 5.9096	 6.1168	 5.7705
ALDH3A2	 8.8688	 8.7629	 8.7163	 8.4491	 9.0896	 9.1066	 9.1225	 8.7910	 8.8742	 9.0159	 9.0931	 8.8239	 8.7132	 8.7730	 8.9875	 8.9246	 8.8473	 8.5529	 8.5986	 8.4190	 8.4884	 8.5891	 9.2591	 9.1237	 9.1560	 9.1528	 9.1097	 8.7087	 8.6264	 8.6036	 9.0918	 9.0767	 8.9622	 8.6271	 8.6466	 8.6650
ALDH3B1	 7.3255	 7.0684	 7.0236	 6.8540	 6.6356	 6.7838	 6.6737	 6.9961	 7.1445	 7.0652	 7.1126	 6.7252	 6.8668	 6.8071	 7.1706	 7.0918	 7.1422	 7.0806	 6.8904	 6.8697	 6.8828	 7.0412	 6.9264	 6.9780	 6.9179	 7.0218	 7.0638	 6.9823	 6.9722	 6.9043	 6.8596	 7.0571	 7.0281	 6.9558	 6.9603	 6.9427
ALDH3B2	 7.7220	 7.4375	 6.8268	 6.5957	10.6881	10.7724	10.3086	 6.6650	 6.8317	 6.9255	 6.8009	 9.0441	 8.5805	 8.9240	 6.9104	 6.9840	 7.0010	 7.3172	 7.4732	 7.5848	 7.4402	 7.5671	 8.4172	 8.3119	 8.3664	 8.2830	 8.3123	 7.5553	 7.7148	 7.8582	 8.2320	 8.0429	 8.0409	 7.9812	 7.5578	 7.5893
ALDH4A1	 7.6204	 7.3797	 7.5238	 7.3480	 8.9505	 9.1003	 8.9199	 8.8248	 8.8855	 8.4378	 8.5187	 8.3388	 8.3793	 8.0861	 8.1558	 8.3001	 8.1058	 8.0852	 7.9810	 8.0177	 7.9597	 7.9907	 8.2445	 8.3995	 8.5227	 8.5687	 8.5068	 7.8744	 7.8054	 7.9978	 8.5996	 8.5403	 8.5484	 7.9687	 7.8356	 7.8732
ALDH5A1	 7.7190	 7.4057	 7.1080	 7.0088	 7.9019	 7.6782	 8.1303	 7.7160	 7.7244	 7.5023	 7.2967	 7.3985	 7.4747	 7.2791	 7.7513	 7.7581	 7.4208	 7.4454	 7.1952	 7.4300	 7.2671	 7.2723	 7.7369	 7.6723	 7.6366	 7.7132	 7.7683	 7.4501	 7.2284	 7.3224	 7.6896	 7.8573	 7.5345	 7.2985	 7.3657	 7.3367
ALDH6A1	 8.2195	 8.0764	 7.9473	 7.8056	 7.9546	 7.8361	 8.0281	 7.7910	 7.8264	 7.6405	 7.4952	 8.0846	 8.2807	 8.0560	 7.6186	 7.4733	 7.7075	 7.5249	 7.4045	 7.8254	 7.5972	 7.4212	 8.1701	 8.2251	 8.1069	 8.2262	 8.1996	 7.8124	 7.9144	 7.8340	 7.8209	 7.9526	 7.8864	 7.8340	 7.8437	 7.8832
ALDH7A1	 7.7572	 7.5677	 7.6361	 7.5341	 8.1004	 8.0032	 7.9350	 8.0923	 8.2909	 7.7954	 7.7485	 7.8127	 7.9426	 7.8570	 7.7015	 7.7897	 7.7012	 7.3175	 7.4269	 7.2756	 7.4356	 7.4381	 8.3143	 8.2745	 8.1691	 8.1950	 8.1612	 7.5449	 7.6536	 7.5516	 7.9422	 7.9366	 8.1757	 7.6111	 7.6573	 7.4818
ALDH8A1	 3.8136	 3.9379	 3.9854	 3.9781	 4.0347	 4.0854	 4.1175	 4.0345	 3.9368	 3.9438	 4.0759	 4.0003	 3.7954	 3.9173	 4.0187	 4.1441	 4.0228	 4.0733	 3.9747	 4.0288	 3.8055	 3.9698	 4.3319	 3.9070	 3.6061	 4.0946	 4.0395	 3.8521	 3.9254	 4.0426	 4.1750	 3.8714	 4.0323	 3.9916	 3.8517	 3.9767
